0,64
1,64
2,64
3,64
4,64
5,64
6,64
7,64
8,64
9,64
10,64
11,64
12,64
13,64
14,64
15,64
16,64
17,64
18,64
19,64
20,64
21,64
22,64
23,64
24,64
25,64
26,64
27,64
28,64
29,64
30,64
31,64
32,64
33,64
34,64
35,64
36,64
37,64
38,64
39,64
40,64
41,64
42,64
43,64
44,64
45,64
46,64
47,64
48,64
49,64
50,64
51,64
52,64
53,64
54,64
55,64
56,64
57,64
58,64
59,64
60,64
61,64
62,64
63,64
64,64
65,64
66,64
67,64
68,64
69,64
70,64
71,64
72,64
73,64
74,64
75,64
76,64
77,64
78,64
79,64
80,64
81,64
82,64
83,64
84,64
85,64
86,64
87,64
88,64
89,64
90,64
91,64
92,64
93,64
94,64
95,64
96,64
97,64
98,64
99,64
100,64
101,64
102,64
103,64
104,64
105,64
106,64
107,64
108,64
109,64
110,64
111,64
112,64
113,64
114,64
115,64
116,64
117,64
118,64
119,64
120,64
121,64
122,64
123,64
124,64
125,64
126,64
127,64
128,64
129,64
130,64
131,64
132,64
133,64
134,64
135,64
136,64
137,64
138,64
139,64
140,64
141,64
142,64
143,64
144,64
145,64
146,64
147,64
148,64
149,64
150,64
151,64
152,64
153,64
154,64
155,64
156,64
157,64
158,64
159,64
160,64
161,64
162,64
163,64
164,64
165,64
166,64
167,64
168,64
169,64
170,64
171,64
172,64
173,64
174,64
175,64
176,64
177,64
178,64
179,64
180,64
181,64
182,64
183,64
184,64
185,64
186,64
187,64
188,64
189,64
190,64
191,64
192,64
193,64
194,64
195,64
196,64
197,64
198,64
199,64
200,64
201,64
202,64
203,64
204,64
205,64
206,64
207,64
208,64
209,64
210,64
211,64
212,64
213,64
214,64
215,64
216,64
217,64
218,64
219,64
220,64
221,64
222,64
223,64
224,64
225,64
226,64
227,64
228,64
229,64
230,64
231,64
232,64
233,64
234,64
235,64
236,64
237,64
238,64
239,64
240,64
241,64
242,64
243,64
244,64
245,64
246,64
247,64
248,64
249,64
250,64
251,64
252,64
253,64
254,64
255,64
256,64
257,64
258,64
259,64
260,64
261,64
262,64
263,64
264,64
265,64
266,64
267,64
268,64
269,64
270,64
271,64
272,64
273,64
274,64
275,64
276,64
277,64
278,64
279,64
280,64
281,64
282,64
283,64
284,64
285,64
286,64
287,64
288,64
289,64
290,64
291,64
292,64
293,64
294,64
295,64
296,64
297,64
298,64
299,64
300,64
301,64
302,64
303,64
304,64
305,64
306,64
307,64
308,64
309,64
310,64
311,64
312,64
313,64
314,64
315,64
316,64
317,64
318,64
319,64
320,64
321,64
322,64
323,64
324,64
325,64
326,64
327,64
328,64
329,64
330,64
331,64
332,64
333,64
334,64
335,64
336,64
337,64
338,64
339,64
340,64
341,64
342,64
343,64
344,64
345,64
346,64
347,64
348,64
349,64
350,64
351,64
352,64
353,64
354,64
355,64
356,64
357,64
358,64
359,64
360,64
361,64
362,64
363,64
364,64
365,64
366,64
367,64
368,64
369,64
370,64
371,64
372,64
373,64
374,64
375,64
376,64
377,64
378,64
379,64
380,64
381,64
382,64
383,64
384,64
385,64
386,64
387,64
388,64
389,64
390,64
391,64
392,64
393,64
394,64
395,64
396,64
397,64
398,64
399,64
400,64
401,64
402,64
403,64
404,64
405,64
406,64
407,64
408,64
409,64
410,64
411,64
412,64
413,64
414,64
415,64
416,64
417,64
418,64
419,64
420,64
421,64
422,64
423,64
424,64
425,64
426,64
427,64
428,64
429,64
430,64
431,64
432,64
433,64
434,64
435,64
436,64
437,64
438,64
439,64
440,64
441,64
442,64
443,64
444,64
445,64
446,64
447,64
448,64
449,64
450,64
451,64
452,64
453,64
454,64
455,64
456,64
457,64
458,64
459,64
460,64
461,64
462,64
463,64
464,64
465,64
466,64
467,64
468,64
469,64
470,64
471,64
472,64
473,64
474,64
475,64
476,64
477,64
478,64
479,64
480,64
481,64
482,64
483,64
484,64
485,64
486,64
487,64
488,64
489,64
490,64
491,64
492,64
493,64
494,64
495,64
496,64
497,64
498,64
499,64
500,64
501,64
502,64
503,64
504,64
505,64
506,64
507,64
508,64
509,64
510,64
511,64
512,64
513,64
514,64
515,64
516,64
517,64
518,64
519,64
520,64
521,64
522,64
523,64
524,64
525,64
526,64
527,64
528,64
529,64
530,64
531,64
532,64
533,64
534,64
535,64
536,64
537,64
538,64
539,64
540,64
541,64
542,64
543,64
544,64
545,64
546,64
547,64
548,64
549,64
550,64
551,64
552,64
553,64
554,64
555,64
556,64
557,64
558,64
559,64
560,64
561,64
562,64
563,64
564,64
565,64
566,64
567,64
568,64
569,64
570,64
571,64
572,64
573,64
574,64
575,64
576,64
577,64
578,64
579,64
580,64
581,64
582,64
583,64
584,64
585,64
586,64
587,64
588,64
589,64
590,64
591,64
592,64
593,64
594,64
595,64
596,64
597,64
598,64
599,64
600,64
601,64
602,64
603,64
604,64
605,64
606,64
607,64
608,64
609,64
610,64
611,64
612,64
613,64
614,64
615,64
616,64
617,64
618,64
619,64
620,64
621,64
622,64
623,64
624,64
625,64
626,64
627,64
628,64
629,64
630,64
631,64
632,64
633,64
634,64
635,64
636,64
637,64
638,64
639,64
640,64
641,64
642,64
643,64
644,64
645,64
646,64
647,64
648,64
649,64
650,64
651,64
652,64
653,64
654,64
655,64
656,64
657,64
658,64
659,64
660,64
661,64
662,64
663,64
664,64
665,64
666,64
667,64
668,64
669,64
670,64
671,64
672,64
673,64
674,64
675,64
676,64
677,64
678,64
679,64
680,64
681,64
682,64
683,64
684,64
685,64
686,64
687,64
688,64
689,64
690,64
691,64
692,64
693,64
694,64
695,64
696,64
697,64
698,64
699,64
700,64
701,64
702,64
703,64
704,64
705,64
706,64
707,64
708,64
709,64
710,64
711,64
712,64
713,64
714,64
715,64
716,64
717,64
718,64
719,64
720,64
721,64
722,64
723,64
724,64
725,64
726,64
727,64
728,64
729,64
730,64
731,64
732,64
733,64
734,64
735,64
736,64
737,64
738,64
739,64
740,64
741,64
742,64
743,64
744,64
745,64
746,64
747,64
748,64
749,64
750,64
751,64
752,64
753,64
754,64
755,64
756,64
757,64
758,64
759,64
760,64
761,64
762,64
763,64
764,64
765,64
766,64
767,64
768,64
769,64
770,64
771,64
772,64
773,64
774,64
775,64
776,64
777,64
778,64
779,64
780,64
781,64
782,64
783,64
784,64
785,64
786,64
787,64
788,64
789,64
790,64
791,64
792,64
793,64
794,64
795,64
796,64
797,64
798,64
799,64
800,64
801,64
802,64
803,64
804,64
805,64
806,64
807,64
808,64
809,64
810,64
811,64
812,64
813,64
814,64
815,64
816,64
817,64
818,64
819,64
820,64
821,64
822,64
823,64
824,64
825,64
826,64
827,64
828,64
829,64
830,64
831,64
832,64
833,64
834,64
835,64
836,64
837,64
838,64
839,64
840,64
841,64
842,64
843,64
844,64
845,64
846,64
847,64
848,64
849,64
850,64
851,64
852,64
853,64
854,64
855,64
856,64
857,64
858,64
859,64
860,64
861,64
862,64
863,64
864,64
865,64
866,64
867,64
868,64
869,64
870,64
871,64
872,64
873,64
874,64
875,64
876,64
877,64
878,64
879,64
880,64
881,64
882,64
883,64
884,64
885,64
886,64
887,64
888,64
889,64
890,64
891,64
892,64
893,64
894,64
895,64
896,64
897,64
898,64
899,64
900,64
901,64
902,64
903,64
904,64
905,64
906,64
907,64
908,64
909,64
910,64
911,64
912,64
913,64
914,64
915,64
916,64
917,64
918,64
919,64
920,64
921,64
922,64
923,64
924,64
925,64
926,64
927,64
928,64
929,64
930,64
931,64
932,64
933,64
934,64
935,64
936,64
937,64
938,64
939,64
940,64
941,64
942,64
943,64
944,64
945,64
946,64
947,64
948,64
949,64
950,64
951,64
952,64
953,64
954,64
955,64
956,64
957,64
958,64
959,64
960,64
961,64
962,64
963,64
964,64
965,64
966,64
967,64
968,64
969,64
970,64
971,64
972,64
973,64
974,64
975,64
976,64
977,64
978,64
979,64
980,64
981,64
982,64
983,64
984,64
985,64
986,64
987,64
988,64
989,64
990,64
991,64
992,64
993,64
994,64
995,64
996,64
997,64
998,64
999,64
1000,64
1001,64
1002,64
1003,64
1004,64
1005,64
1006,64
1007,64
1008,64
1009,64
1010,64
1011,64
1012,64
1013,64
1014,64
1015,64
1016,64
1017,64
1018,64
1019,64
1020,64
1021,64
1022,64
1023,64
1024,64
1025,64
1026,64
1027,64
1028,64
1029,64
1030,64
1031,64
1032,64
1033,64
1034,64
1035,64
1036,64
1037,64
1038,64
1039,64
1040,64
1041,64
1042,64
1043,64
1044,64
1045,64
1046,64
1047,64
1048,64
1049,64
1050,64
1051,64
1052,64
1053,64
1054,64
1055,64
1056,64
1057,64
1058,64
1059,64
1060,64
1061,64
1062,64
1063,64
1064,64
1065,64
1066,64
1067,64
1068,64
1069,64
1070,64
1071,64
1072,64
1073,64
1074,64
1075,64
1076,64
1077,64
1078,64
1079,64
1080,64
1081,64
1082,64
1083,64
1084,64
1085,64
1086,64
1087,64
1088,64
1089,64
1090,64
1091,64
1092,64
1093,64
1094,64
1095,64
1096,64
1097,64
1098,64
1099,64
1100,64
1101,64
1102,64
1103,64
1104,64
1105,64
1106,64
1107,64
1108,64
1109,64
1110,64
1111,64
1112,64
1113,64
1114,64
1115,64
1116,64
1117,64
1118,64
1119,64
1120,64
1121,64
1122,64
1123,64
1124,64
1125,64
1126,64
1127,64
1128,64
1129,64
1130,64
1131,64
1132,64
1133,64
1134,64
1135,64
1136,64
1137,64
1138,64
1139,64
1140,64
1141,64
1142,64
1143,64
1144,64
1145,64
1146,64
1147,64
1148,64
1149,64
1150,64
1151,64
1152,64
1153,64
1154,64
1155,64
1156,64
1157,64
1158,64
1159,64
1160,64
1161,64
1162,64
1163,64
1164,64
1165,64
1166,64
1167,64
1168,64
1169,64
1170,64
1171,64
1172,64
1173,64
1174,64
1175,64
1176,64
1177,64
1178,64
1179,64
1180,64
1181,64
1182,64
1183,64
1184,64
1185,64
1186,64
1187,64
1188,64
1189,64
1190,64
1191,64
1192,64
1193,64
1194,64
1195,64
1196,64
1197,64
1198,64
1199,64
1200,64
1201,64
1202,64
1203,64
1204,64
1205,64
1206,64
1207,64
1208,64
1209,64
1210,64
1211,64
1212,64
1213,64
1214,64
1215,64
1216,64
1217,64
1218,64
1219,64
1220,64
1221,64
1222,64
1223,64
1224,64
1225,64
1226,64
1227,64
1228,64
1229,64
1230,64
1231,64
1232,64
1233,64
1234,64
1235,64
1236,64
1237,64
1238,64
1239,64
1240,64
1241,64
1242,64
1243,64
1244,64
1245,64
1246,64
1247,64
1248,64
1249,64
1250,64
1251,64
1252,64
1253,64
1254,64
1255,64
1256,64
1257,64
1258,64
1259,64
1260,64
1261,64
1262,64
1263,64
1264,64
1265,64
1266,64
1267,64
1268,64
1269,64
1270,64
1271,64
1272,64
1273,64
1274,64
1275,64
1276,64
1277,64
1278,64
1279,64
1280,64
1281,64
1282,64
1283,64
1284,64
1285,64
1286,64
1287,64
1288,64
1289,64
1290,64
1291,64
1292,64
1293,64
1294,64
1295,64
1296,64
1297,64
1298,64
1299,64
1300,64
1301,64
1302,64
1303,64
1304,64
1305,64
1306,64
1307,64
1308,64
1309,64
1310,64
1311,64
1312,64
1313,64
1314,64
1315,64
1316,64
1317,64
1318,64
1319,64
1320,64
1321,64
1322,64
1323,64
1324,64
1325,64
1326,64
1327,64
1328,64
1329,64
1330,64
1331,64
1332,64
1333,64
1334,64
1335,64
1336,64
1337,64
1338,64
1339,64
1340,64
1341,64
1342,64
1343,64
1344,64
1345,64
1346,64
1347,64
1348,64
1349,64
1350,64
1351,64
1352,64
1353,64
1354,64
1355,64
1356,64
1357,64
1358,64
1359,64
1360,64
1361,64
1362,64
1363,64
1364,64
1365,64
1366,64
1367,64
1368,64
1369,64
1370,64
1371,64
1372,64
1373,64
1374,64
1375,64
1376,64
1377,64
1378,64
1379,64
1380,64
1381,64
1382,64
1383,64
1384,64
1385,64
1386,64
1387,64
1388,64
1389,64
1390,64
1391,64
1392,64
1393,64
1394,64
1395,64
1396,64
1397,64
1398,64
1399,64
1400,64
1401,64
1402,64
1403,64
1404,64
1405,64
1406,64
1407,64
1408,64
1409,64
1410,64
1411,64
1412,64
1413,63
1414,63
1415,63
1416,63
1417,63
1418,63
1419,63
1420,63
1421,63
1422,63
1423,63
1424,63
1425,63
1426,63
1427,63
1428,63
1429,63
1430,63
1431,63
1432,63
1433,63
1434,63
1435,63
1436,63
1437,63
1438,63
1439,63
1440,63
1441,63
1442,63
1443,63
1444,63
1445,63
1446,63
1447,63
1448,63
1449,63
1450,63
1451,63
1452,63
1453,63
1454,63
1455,63
1456,63
1457,63
1458,63
1459,63
1460,63
1461,63
1462,63
1463,63
1464,63
1465,63
1466,63
1467,63
1468,63
1469,63
1470,63
1471,63
1472,63
1473,63
1474,63
1475,63
1476,63
1477,63
1478,63
1479,63
1480,63
1481,63
1482,63
1483,63
1484,63
1485,63
1486,63
1487,63
1488,63
1489,63
1490,63
1491,63
1492,63
1493,63
1494,63
1495,63
1496,63
1497,63
1498,63
1499,63
1500,63
1501,63
1502,63
1503,63
1504,63
1505,63
1506,63
1507,63
1508,63
1509,63
1510,63
1511,63
1512,63
1513,63
1514,63
1515,63
1516,63
1517,63
1518,63
1519,63
1520,63
1521,63
1522,63
1523,63
1524,63
1525,63
1526,63
1527,63
1528,63
1529,63
1530,63
1531,63
1532,63
1533,63
1534,63
1535,63
1536,63
1537,63
1538,63
1539,63
1540,63
1541,63
1542,63
1543,63
1544,63
1545,63
1546,63
1547,63
1548,63
1549,63
1550,63
1551,63
1552,63
1553,63
1554,63
1555,63
1556,63
1557,63
1558,63
1559,63
1560,63
1561,63
1562,63
1563,63
1564,63
1565,63
1566,63
1567,63
1568,63
1569,63
1570,63
1571,63
1572,63
1573,63
1574,63
1575,63
1576,63
1577,63
1578,63
1579,63
1580,63
1581,63
1582,63
1583,63
1584,63
1585,63
1586,63
1587,63
1588,63
1589,63
1590,63
1591,63
1592,63
1593,63
1594,63
1595,63
1596,63
1597,63
1598,63
1599,63
1600,63
1601,63
1602,63
1603,63
1604,63
1605,63
1606,63
1607,63
1608,63
1609,63
1610,63
1611,63
1612,63
1613,63
1614,63
1615,63
1616,63
1617,63
1618,63
1619,63
1620,63
1621,63
1622,63
1623,63
1624,63
1625,63
1626,63
1627,63
1628,63
1629,63
1630,63
1631,63
1632,63
1633,63
1634,63
1635,63
1636,63
1637,63
1638,63
1639,63
1640,63
1641,63
1642,63
1643,63
1644,63
1645,63
1646,63
1647,63
1648,63
1649,63
1650,63
1651,63
1652,63
1653,63
1654,63
1655,63
1656,63
1657,63
1658,63
1659,63
1660,63
1661,63
1662,63
1663,63
1664,63
1665,63
1666,63
1667,63
1668,63
1669,63
1670,63
1671,63
1672,63
1673,63
1674,63
1675,63
1676,63
1677,63
1678,63
1679,63
1680,63
1681,63
1682,63
1683,63
1684,63
1685,63
1686,63
1687,63
1688,63
1689,63
1690,63
1691,63
1692,63
1693,63
1694,63
1695,63
1696,63
1697,63
1698,63
1699,63
1700,63
1701,63
1702,63
1703,63
1704,63
1705,63
1706,63
1707,63
1708,63
1709,63
1710,63
1711,63
1712,63
1713,63
1714,63
1715,63
1716,63
1717,63
1718,63
1719,63
1720,63
1721,63
1722,63
1723,63
1724,63
1725,63
1726,63
1727,63
1728,63
1729,63
1730,63
1731,63
1732,63
1733,63
1734,63
1735,63
1736,63
1737,63
1738,63
1739,63
1740,63
1741,63
1742,63
1743,63
1744,63
1745,63
1746,63
1747,63
1748,63
1749,63
1750,63
1751,63
1752,63
1753,63
1754,63
1755,63
1756,63
1757,63
1758,63
1759,63
1760,63
1761,63
1762,63
1763,63
1764,63
1765,63
1766,63
1767,63
1768,63
1769,63
1770,63
1771,63
1772,63
1773,63
1774,63
1775,63
1776,63
1777,63
1778,63
1779,63
1780,63
1781,63
1782,63
1783,63
1784,63
1785,63
1786,63
1787,63
1788,63
1789,63
1790,63
1791,63
1792,63
1793,63
1794,63
1795,63
1796,63
1797,63
1798,63
1799,63
1800,63
1801,63
1802,63
1803,63
1804,63
1805,63
1806,63
1807,63
1808,63
1809,63
1810,63
1811,63
1812,63
1813,63
1814,63
1815,63
1816,63
1817,63
1818,63
1819,63
1820,63
1821,63
1822,63
1823,63
1824,63
1825,63
1826,63
1827,63
1828,63
1829,63
1830,63
1831,63
1832,63
1833,63
1834,63
1835,63
1836,63
1837,63
1838,63
1839,63
1840,63
1841,63
1842,63
1843,63
1844,63
1845,63
1846,63
1847,63
1848,63
1849,63
1850,63
1851,63
1852,63
1853,63
1854,63
1855,63
1856,63
1857,63
1858,63
1859,63
1860,63
1861,63
1862,63
1863,63
1864,63
1865,63
1866,63
1867,63
1868,63
1869,63
1870,63
1871,63
1872,63
1873,63
1874,63
1875,63
1876,63
1877,63
1878,63
1879,63
1880,63
1881,63
1882,63
1883,63
1884,63
1885,63
1886,63
1887,63
1888,63
1889,63
1890,63
1891,63
1892,63
1893,63
1894,63
1895,63
1896,63
1897,63
1898,63
1899,63
1900,63
1901,63
1902,63
1903,63
1904,63
1905,63
1906,63
1907,63
1908,63
1909,63
1910,63
1911,63
1912,63
1913,63
1914,63
1915,63
1916,63
1917,63
1918,63
1919,63
1920,63
1921,63
1922,63
1923,63
1924,63
1925,63
1926,63
1927,63
1928,63
1929,63
1930,63
1931,63
1932,63
1933,63
1934,63
1935,63
1936,63
1937,63
1938,63
1939,63
1940,63
1941,63
1942,63
1943,63
1944,63
1945,63
1946,63
1947,63
1948,63
1949,63
1950,63
1951,63
1952,63
1953,63
1954,63
1955,63
1956,63
1957,63
1958,63
1959,63
1960,63
1961,63
1962,63
1963,63
1964,63
1965,63
1966,63
1967,63
1968,63
1969,63
1970,63
1971,63
1972,63
1973,63
1974,63
1975,63
1976,63
1977,63
1978,63
1979,63
1980,63
1981,63
1982,63
1983,63
1984,63
1985,63
1986,63
1987,63
1988,63
1989,63
1990,63
1991,63
1992,63
1993,63
1994,63
1995,63
1996,63
1997,63
1998,63
1999,63
2000,63
2001,63
2002,63
2003,63
2004,63
2005,63
2006,63
2007,63
2008,63
2009,63
2010,63
2011,63
2012,63
2013,63
2014,63
2015,63
2016,63
2017,63
2018,63
2019,63
2020,63
2021,63
2022,63
2023,63
2024,63
2025,63
2026,63
2027,63
2028,63
2029,63
2030,63
2031,63
2032,63
2033,63
2034,63
2035,63
2036,63
2037,63
2038,63
2039,63
2040,63
2041,63
2042,63
2043,63
2044,63
2045,63
2046,63
2047,63
2048,63
2049,63
2050,63
2051,63
2052,63
2053,63
2054,63
2055,63
2056,63
2057,63
2058,63
2059,63
2060,63
2061,63
2062,63
2063,63
2064,63
2065,63
2066,63
2067,63
2068,63
2069,63
2070,63
2071,63
2072,63
2073,63
2074,63
2075,63
2076,63
2077,63
2078,63
2079,63
2080,63
2081,63
2082,63
2083,63
2084,63
2085,63
2086,63
2087,63
2088,63
2089,63
2090,63
2091,63
2092,63
2093,63
2094,63
2095,63
2096,63
2097,63
2098,63
2099,63
2100,63
2101,63
2102,63
2103,63
2104,63
2105,63
2106,63
2107,63
2108,63
2109,63
2110,63
2111,63
2112,63
2113,63
2114,63
2115,63
2116,63
2117,63
2118,63
2119,63
2120,63
2121,63
2122,63
2123,63
2124,63
2125,63
2126,63
2127,63
2128,63
2129,63
2130,63
2131,63
2132,63
2133,63
2134,63
2135,63
2136,63
2137,63
2138,63
2139,63
2140,63
2141,63
2142,63
2143,63
2144,63
2145,63
2146,63
2147,63
2148,63
2149,63
2150,63
2151,63
2152,63
2153,63
2154,63
2155,63
2156,63
2157,63
2158,63
2159,63
2160,63
2161,63
2162,63
2163,63
2164,63
2165,63
2166,63
2167,63
2168,63
2169,63
2170,63
2171,63
2172,63
2173,63
2174,63
2175,63
2176,63
2177,63
2178,63
2179,63
2180,63
2181,63
2182,63
2183,63
2184,63
2185,63
2186,63
2187,63
2188,63
2189,63
2190,63
2191,63
2192,63
2193,63
2194,63
2195,63
2196,63
2197,63
2198,63
2199,63
2200,63
2201,63
2202,63
2203,63
2204,63
2205,63
2206,63
2207,63
2208,63
2209,63
2210,63
2211,63
2212,63
2213,63
2214,63
2215,63
2216,63
2217,63
2218,63
2219,63
2220,63
2221,63
2222,63
2223,63
2224,63
2225,63
2226,63
2227,63
2228,63
2229,63
2230,63
2231,63
2232,63
2233,63
2234,63
2235,63
2236,63
2237,63
2238,63
2239,63
2240,63
2241,63
2242,63
2243,63
2244,63
2245,63
2246,63
2247,63
2248,63
2249,63
2250,63
2251,63
2252,63
2253,63
2254,63
2255,63
2256,63
2257,63
2258,63
2259,63
2260,63
2261,63
2262,63
2263,63
2264,63
2265,63
2266,63
2267,63
2268,63
2269,63
2270,63
2271,63
2272,63
2273,63
2274,63
2275,63
2276,63
2277,63
2278,63
2279,63
2280,63
2281,63
2282,63
2283,63
2284,63
2285,63
2286,63
2287,63
2288,63
2289,63
2290,63
2291,63
2292,63
2293,63
2294,63
2295,63
2296,63
2297,63
2298,63
2299,63
2300,63
2301,63
2302,63
2303,63
2304,63
2305,63
2306,63
2307,63
2308,63
2309,63
2310,63
2311,63
2312,63
2313,63
2314,63
2315,63
2316,63
2317,63
2318,63
2319,63
2320,63
2321,63
2322,63
2323,63
2324,63
2325,63
2326,63
2327,63
2328,63
2329,63
2330,63
2331,63
2332,63
2333,63
2334,63
2335,63
2336,63
2337,63
2338,63
2339,63
2340,63
2341,63
2342,63
2343,63
2344,63
2345,63
2346,63
2347,63
2348,63
2349,63
2350,63
2351,63
2352,63
2353,63
2354,63
2355,63
2356,63
2357,63
2358,63
2359,63
2360,63
2361,63
2362,63
2363,63
2364,63
2365,63
2366,63
2367,63
2368,63
2369,63
2370,63
2371,63
2372,63
2373,63
2374,63
2375,63
2376,63
2377,63
2378,63
2379,63
2380,63
2381,63
2382,63
2383,63
2384,63
2385,63
2386,63
2387,63
2388,63
2389,63
2390,63
2391,63
2392,63
2393,63
2394,63
2395,63
2396,63
2397,63
2398,63
2399,63
2400,63
2401,63
2402,63
2403,63
2404,63
2405,63
2406,63
2407,63
2408,63
2409,63
2410,63
2411,63
2412,63
2413,63
2414,63
2415,63
2416,63
2417,63
2418,63
2419,63
2420,63
2421,63
2422,63
2423,63
2424,63
2425,63
2426,63
2427,63
2428,63
2429,63
2430,63
2431,63
2432,63
2433,63
2434,63
2435,63
2436,63
2437,63
2438,63
2439,63
2440,63
2441,63
2442,63
2443,63
2444,63
2445,63
2446,63
2447,63
2448,63
2449,63
2450,63
2451,63
2452,63
2453,63
2454,63
2455,63
2456,63
2457,63
2458,63
2459,63
2460,63
2461,63
2462,63
2463,63
2464,63
2465,63
2466,63
2467,63
2468,63
2469,63
2470,63
2471,63
2472,63
2473,63
2474,63
2475,63
2476,63
2477,63
2478,63
2479,63
2480,63
2481,63
2482,63
2483,63
2484,63
2485,63
2486,63
2487,63
2488,63
2489,63
2490,63
2491,63
2492,63
2493,63
2494,63
2495,63
2496,63
2497,63
2498,63
2499,63
2500,63
2501,63
2502,63
2503,63
2504,63
2505,63
2506,63
2507,63
2508,63
2509,63
2510,63
2511,63
2512,63
2513,63
2514,63
2515,63
2516,63
2517,63
2518,63
2519,63
2520,63
2521,63
2522,63
2523,63
2524,63
2525,63
2526,63
2527,63
2528,63
2529,63
2530,63
2531,63
2532,63
2533,63
2534,63
2535,63
2536,63
2537,63
2538,63
2539,63
2540,63
2541,63
2542,63
2543,63
2544,63
2545,63
2546,63
2547,63
2548,63
2549,63
2550,63
2551,63
2552,63
2553,63
2554,63
2555,63
2556,63
2557,63
2558,63
2559,63
2560,63
2561,63
2562,63
2563,63
2564,63
2565,63
2566,63
2567,63
2568,63
2569,63
2570,63
2571,63
2572,63
2573,63
2574,63
2575,63
2576,63
2577,63
2578,63
2579,63
2580,63
2581,63
2582,63
2583,63
2584,63
2585,63
2586,63
2587,63
2588,63
2589,63
2590,63
2591,63
2592,63
2593,63
2594,63
2595,63
2596,63
2597,63
2598,63
2599,63
2600,63
2601,63
2602,63
2603,63
2604,63
2605,63
2606,63
2607,63
2608,63
2609,63
2610,63
2611,63
2612,63
2613,63
2614,63
2615,63
2616,63
2617,63
2618,63
2619,63
2620,63
2621,63
2622,63
2623,63
2624,63
2625,63
2626,63
2627,63
2628,63
2629,63
2630,63
2631,63
2632,63
2633,63
2634,63
2635,63
2636,63
2637,63
2638,63
2639,63
2640,63
2641,63
2642,63
2643,63
2644,63
2645,63
2646,63
2647,63
2648,63
2649,63
2650,63
2651,63
2652,63
2653,63
2654,63
2655,63
2656,63
2657,63
2658,63
2659,63
2660,63
2661,63
2662,63
2663,63
2664,63
2665,63
2666,63
2667,63
2668,63
2669,63
2670,63
2671,63
2672,63
2673,63
2674,63
2675,63
2676,63
2677,63
2678,63
2679,63
2680,63
2681,63
2682,63
2683,63
2684,63
2685,63
2686,63
2687,63
2688,63
2689,63
2690,63
2691,63
2692,63
2693,63
2694,63
2695,63
2696,63
2697,63
2698,63
2699,63
2700,63
2701,63
2702,63
2703,63
2704,63
2705,63
2706,63
2707,63
2708,63
2709,63
2710,63
2711,63
2712,63
2713,63
2714,63
2715,63
2716,63
2717,63
2718,63
2719,63
2720,63
2721,63
2722,63
2723,63
2724,63
2725,63
2726,63
2727,63
2728,63
2729,63
2730,63
2731,63
2732,63
2733,63
2734,63
2735,63
2736,63
2737,63
2738,63
2739,63
2740,63
2741,63
2742,63
2743,63
2744,63
2745,63
2746,63
2747,63
2748,63
2749,63
2750,63
2751,63
2752,63
2753,63
2754,63
2755,63
2756,63
2757,63
2758,63
2759,63
2760,63
2761,63
2762,63
2763,63
2764,63
2765,63
2766,63
2767,63
2768,63
2769,63
2770,63
2771,63
2772,63
2773,63
2774,63
2775,63
2776,63
2777,63
2778,63
2779,63
2780,63
2781,63
2782,63
2783,63
2784,63
2785,63
2786,63
2787,63
2788,63
2789,63
2790,63
2791,63
2792,63
2793,63
2794,63
2795,63
2796,63
2797,63
2798,63
2799,63
2800,63
2801,63
2802,63
2803,63
2804,63
2805,63
2806,63
2807,63
2808,63
2809,63
2810,63
2811,63
2812,63
2813,63
2814,63
2815,63
2816,63
2817,63
2818,63
2819,63
2820,63
2821,63
2822,63
2823,63
2824,63
2825,63
2826,63
2827,63
2828,63
2829,63
2830,63
2831,63
2832,63
2833,63
2834,63
2835,63
2836,63
2837,63
2838,63
2839,63
2840,63
2841,63
2842,63
2843,63
2844,63
2845,63
2846,63
2847,63
2848,63
2849,63
2850,63
2851,63
2852,63
2853,63
2854,63
2855,63
2856,63
2857,63
2858,63
2859,63
2860,63
2861,63
2862,63
2863,63
2864,63
2865,63
2866,63
2867,63
2868,63
2869,63
2870,63
2871,63
2872,63
2873,63
2874,63
2875,63
2876,63
2877,63
2878,63
2879,63
2880,63
2881,63
2882,63
2883,63
2884,63
2885,63
2886,63
2887,63
2888,63
2889,63
2890,63
2891,63
2892,63
2893,63
2894,63
2895,63
2896,63
2897,63
2898,63
2899,63
2900,63
2901,63
2902,63
2903,63
2904,63
2905,63
2906,63
2907,63
2908,63
2909,63
2910,63
2911,63
2912,63
2913,63
2914,63
2915,63
2916,63
2917,63
2918,63
2919,63
2920,63
2921,63
2922,63
2923,63
2924,63
2925,63
2926,63
2927,63
2928,63
2929,63
2930,63
2931,63
2932,63
2933,63
2934,63
2935,63
2936,63
2937,63
2938,63
2939,63
2940,63
2941,63
2942,63
2943,63
2944,63
2945,63
2946,63
2947,63
2948,63
2949,63
2950,63
2951,63
2952,63
2953,63
2954,63
2955,63
2956,63
2957,63
2958,63
2959,63
2960,63
2961,63
2962,63
2963,63
2964,63
2965,63
2966,63
2967,63
2968,63
2969,63
2970,63
2971,63
2972,63
2973,63
2974,63
2975,63
2976,63
2977,63
2978,63
2979,63
2980,63
2981,63
2982,63
2983,63
2984,63
2985,63
2986,63
2987,63
2988,63
2989,63
2990,63
2991,63
2992,63
2993,63
2994,63
2995,63
2996,63
2997,63
2998,63
2999,63
3000,63
3001,63
3002,63
3003,63
3004,63
3005,63
3006,63
3007,63
3008,63
3009,63
3010,63
3011,63
3012,63
3013,63
3014,63
3015,63
3016,63
3017,63
3018,63
3019,63
3020,63
3021,63
3022,63
3023,63
3024,63
3025,63
3026,63
3027,63
3028,63
3029,63
3030,63
3031,63
3032,63
3033,63
3034,63
3035,63
3036,63
3037,63
3038,63
3039,63
3040,63
3041,63
3042,63
3043,63
3044,63
3045,63
3046,63
3047,63
3048,63
3049,63
3050,63
3051,63
3052,63
3053,63
3054,63
3055,63
3056,63
3057,63
3058,63
3059,63
3060,63
3061,63
3062,63
3063,63
3064,63
3065,63
3066,63
3067,63
3068,63
3069,63
3070,63
3071,63
3072,63
3073,63
3074,63
3075,63
3076,63
3077,63
3078,63
3079,63
3080,63
3081,63
3082,63
3083,63
3084,63
3085,63
3086,63
3087,63
3088,63
3089,63
3090,63
3091,63
3092,63
3093,63
3094,63
3095,63
3096,63
3097,63
3098,63
3099,63
3100,63
3101,63
3102,63
3103,63
3104,63
3105,63
3106,63
3107,63
3108,63
3109,63
3110,63
3111,63
3112,63
3113,63
3114,63
3115,63
3116,63
3117,63
3118,63
3119,63
3120,63
3121,63
3122,63
3123,63
3124,63
3125,63
3126,63
3127,63
3128,63
3129,63
3130,63
3131,63
3132,63
3133,63
3134,63
3135,63
3136,63
3137,63
3138,63
3139,63
3140,63
3141,63
3142,63
3143,63
3144,63
3145,63
3146,63
3147,63
3148,63
3149,63
3150,63
3151,63
3152,63
3153,63
3154,63
3155,63
3156,63
3157,63
3158,63
3159,63
3160,63
3161,63
3162,63
3163,63
3164,63
3165,63
3166,63
3167,63
3168,63
3169,63
3170,63
3171,63
3172,63
3173,63
3174,63
3175,63
3176,63
3177,63
3178,63
3179,63
3180,63
3181,63
3182,63
3183,63
3184,63
3185,63
3186,63
3187,63
3188,63
3189,63
3190,63
3191,63
3192,63
3193,63
3194,63
3195,63
3196,63
3197,63
3198,63
3199,63
3200,63
3201,63
3202,63
3203,63
3204,63
3205,63
3206,63
3207,63
3208,63
3209,63
3210,63
3211,63
3212,63
3213,63
3214,63
3215,63
3216,63
3217,63
3218,63
3219,63
3220,63
3221,63
3222,63
3223,63
3224,63
3225,63
3226,63
3227,63
3228,63
3229,63
3230,63
3231,63
3232,63
3233,63
3234,63
3235,63
3236,63
3237,63
3238,63
3239,63
3240,63
3241,63
3242,63
3243,63
3244,63
3245,63
3246,63
3247,63
3248,63
3249,63
3250,63
3251,63
3252,63
3253,63
3254,63
3255,63
3256,63
3257,63
3258,63
3259,63
3260,63
3261,63
3262,63
3263,63
3264,63
3265,63
3266,63
3267,63
3268,63
3269,63
3270,63
3271,63
3272,63
3273,63
3274,63
3275,63
3276,63
3277,63
3278,63
3279,63
3280,63
3281,63
3282,63
3283,63
3284,63
3285,63
3286,63
3287,63
3288,63
3289,63
3290,63
3291,63
3292,63
3293,63
3294,63
3295,63
3296,63
3297,63
3298,63
3299,63
3300,63
3301,63
3302,63
3303,63
3304,63
3305,63
3306,63
3307,63
3308,63
3309,63
3310,63
3311,63
3312,63
3313,63
3314,63
3315,63
3316,63
3317,63
3318,63
3319,63
3320,63
3321,63
3322,63
3323,63
3324,63
3325,63
3326,63
3327,63
3328,63
3329,63
3330,63
3331,63
3332,63
3333,63
3334,63
3335,63
3336,63
3337,63
3338,63
3339,63
3340,63
3341,63
3342,63
3343,63
3344,63
3345,63
3346,63
3347,63
3348,63
3349,63
3350,63
3351,63
3352,63
3353,63
3354,63
3355,63
3356,63
3357,63
3358,63
3359,63
3360,63
3361,63
3362,63
3363,63
3364,63
3365,63
3366,63
3367,63
3368,63
3369,63
3370,63
3371,63
3372,63
3373,63
3374,63
3375,63
3376,63
3377,63
3378,63
3379,63
3380,63
3381,63
3382,63
3383,63
3384,63
3385,63
3386,63
3387,63
3388,63
3389,63
3390,63
3391,63
3392,63
3393,63
3394,63
3395,63
3396,63
3397,63
3398,63
3399,63
3400,63
3401,63
3402,63
3403,63
3404,63
3405,63
3406,63
3407,63
3408,63
3409,63
3410,63
3411,63
3412,63
3413,63
3414,63
3415,63
3416,63
3417,63
3418,63
3419,63
3420,63
3421,63
3422,63
3423,63
3424,63
3425,63
3426,63
3427,63
3428,63
3429,63
3430,63
3431,63
3432,63
3433,63
3434,63
3435,63
3436,63
3437,63
3438,63
3439,63
3440,63
3441,63
3442,63
3443,63
3444,63
3445,63
3446,63
3447,63
3448,63
3449,63
3450,63
3451,63
3452,63
3453,63
3454,63
3455,63
3456,63
3457,63
3458,63
3459,63
3460,63
3461,63
3462,63
3463,63
3464,63
3465,63
3466,63
3467,63
3468,63
3469,63
3470,63
3471,63
3472,63
3473,63
3474,63
3475,63
3476,63
3477,63
3478,63
3479,63
3480,63
3481,63
3482,63
3483,63
3484,63
3485,63
3486,63
3487,63
3488,63
3489,63
3490,63
3491,63
3492,63
3493,63
3494,63
3495,63
3496,63
3497,63
3498,63
3499,63
3500,63
3501,63
3502,63
3503,63
3504,63
3505,63
3506,63
3507,63
3508,63
3509,63
3510,63
3511,63
3512,63
3513,63
3514,63
3515,63
3516,63
3517,63
3518,63
3519,63
3520,63
3521,63
3522,63
3523,63
3524,63
3525,63
3526,63
3527,63
3528,63
3529,63
3530,63
3531,63
3532,63
3533,63
3534,63
3535,63
3536,63
3537,63
3538,63
3539,63
3540,63
3541,63
3542,63
3543,63
3544,63
3545,63
3546,63
3547,63
3548,63
3549,63
3550,63
3551,63
3552,63
3553,63
3554,63
3555,63
3556,63
3557,63
3558,63
3559,63
3560,63
3561,63
3562,63
3563,63
3564,63
3565,63
3566,63
3567,63
3568,63
3569,63
3570,63
3571,63
3572,63
3573,63
3574,63
3575,63
3576,63
3577,63
3578,63
3579,63
3580,63
3581,63
3582,63
3583,63
3584,63
3585,63
3586,63
3587,63
3588,63
3589,63
3590,63
3591,63
3592,63
3593,63
3594,63
3595,63
3596,63
3597,63
3598,63
3599,63
3600,63
3601,63
3602,63
3603,63
3604,63
3605,63
3606,63
3607,63
3608,63
3609,63
3610,63
3611,63
3612,63
3613,63
3614,63
3615,63
3616,63
3617,63
3618,63
3619,63
3620,63
3621,63
3622,63
3623,63
3624,63
3625,63
3626,63
3627,63
3628,63
3629,63
3630,63
3631,63
3632,63
3633,63
3634,63
3635,63
3636,63
3637,63
3638,63
3639,63
3640,63
3641,63
3642,63
3643,63
3644,63
3645,63
3646,63
3647,63
3648,63
3649,63
3650,63
3651,63
3652,63
3653,63
3654,63
3655,63
3656,63
3657,63
3658,63
3659,63
3660,63
3661,63
3662,63
3663,63
3664,63
3665,63
3666,63
3667,63
3668,63
3669,63
3670,63
3671,63
3672,63
3673,63
3674,63
3675,63
3676,63
3677,63
3678,63
3679,63
3680,63
3681,63
3682,63
3683,63
3684,63
3685,63
3686,63
3687,63
3688,63
3689,63
3690,63
3691,63
3692,63
3693,63
3694,63
3695,63
3696,63
3697,63
3698,63
3699,63
3700,63
3701,63
3702,63
3703,63
3704,63
3705,63
3706,63
3707,63
3708,63
3709,63
3710,63
3711,63
3712,63
3713,63
3714,63
3715,63
3716,63
3717,63
3718,63
3719,63
3720,63
3721,63
3722,63
3723,63
3724,63
3725,63
3726,63
3727,63
3728,63
3729,63
3730,63
3731,63
3732,63
3733,63
3734,63
3735,63
3736,63
3737,63
3738,63
3739,63
3740,63
3741,63
3742,63
3743,63
3744,63
3745,63
3746,63
3747,63
3748,63
3749,63
3750,63
3751,63
3752,63
3753,63
3754,63
3755,63
3756,63
3757,63
3758,63
3759,63
3760,63
3761,63
3762,63
3763,63
3764,63
3765,63
3766,63
3767,63
3768,63
3769,63
3770,63
3771,63
3772,63
3773,63
3774,63
3775,63
3776,63
3777,63
3778,63
3779,63
3780,63
3781,63
3782,63
3783,63
3784,63
3785,63
3786,63
3787,63
3788,63
3789,63
3790,63
3791,63
3792,63
3793,63
3794,63
3795,63
3796,63
3797,63
3798,63
3799,63
3800,63
3801,63
3802,63
3803,63
3804,63
3805,63
3806,63
3807,63
3808,63
3809,63
3810,63
3811,63
3812,63
3813,63
3814,63
3815,63
3816,63
3817,63
3818,63
3819,63
3820,63
3821,63
3822,63
3823,63
3824,63
3825,63
3826,63
3827,63
3828,63
3829,63
3830,63
3831,63
3832,63
3833,63
3834,63
3835,63
3836,63
3837,63
3838,63
3839,63
3840,63
3841,63
3842,63
3843,63
3844,63
3845,63
3846,63
3847,63
3848,63
3849,63
3850,63
3851,63
3852,63
3853,63
3854,63
3855,63
3856,63
3857,63
3858,63
3859,63
3860,63
3861,63
3862,63
3863,63
3864,63
3865,63
3866,63
3867,63
3868,63
3869,63
3870,63
3871,63
3872,63
3873,63
3874,63
3875,63
3876,63
3877,63
3878,63
3879,63
3880,63
3881,63
3882,63
3883,63
3884,63
3885,63
3886,63
3887,63
3888,63
3889,63
3890,63
3891,63
3892,63
3893,63
3894,63
3895,63
3896,63
3897,63
3898,63
3899,63
3900,63
3901,63
3902,63
3903,63
3904,63
3905,63
3906,63
3907,63
3908,63
3909,63
3910,63
3911,63
3912,63
3913,63
3914,63
3915,63
3916,63
3917,63
3918,63
3919,63
3920,63
3921,63
3922,63
3923,63
3924,63
3925,63
3926,63
3927,63
3928,63
3929,63
3930,63
3931,63
3932,63
3933,63
3934,63
3935,63
3936,63
3937,63
3938,63
3939,63
3940,63
3941,63
3942,63
3943,63
3944,63
3945,63
3946,63
3947,63
3948,63
3949,63
3950,63
3951,63
3952,63
3953,63
3954,63
3955,63
3956,63
3957,63
3958,63
3959,63
3960,63
3961,63
3962,63
3963,63
3964,63
3965,63
3966,63
3967,63
3968,63
3969,63
3970,63
3971,63
3972,63
3973,63
3974,63
3975,63
3976,63
3977,63
3978,63
3979,63
3980,63
3981,63
3982,63
3983,63
3984,63
3985,63
3986,63
3987,63
3988,63
3989,63
3990,63
3991,63
3992,63
3993,63
3994,63
3995,63
3996,63
3997,63
3998,63
3999,63
4000,63
4001,63
4002,63
4003,63
4004,63
4005,63
4006,63
4007,63
4008,63
4009,63
4010,63
4011,63
4012,63
4013,63
4014,63
4015,63
4016,63
4017,63
4018,63
4019,63
4020,63
4021,63
4022,63
4023,63
4024,63
4025,63
4026,63
4027,63
4028,63
4029,63
4030,63
4031,63
4032,63
4033,63
4034,63
4035,63
4036,63
4037,63
4038,63
4039,63
4040,63
4041,63
4042,63
4043,63
4044,63
4045,63
4046,63
4047,63
4048,63
4049,63
4050,63
4051,63
4052,63
4053,63
4054,63
4055,63
4056,63
4057,63
4058,63
4059,63
4060,63
4061,63
4062,63
4063,63
4064,63
4065,63
4066,63
4067,63
4068,63
4069,63
4070,63
4071,63
4072,63
4073,63
4074,63
4075,63
4076,63
4077,63
4078,63
4079,63
4080,63
4081,63
4082,63
4083,63
4084,63
4085,63
4086,63
4087,63
4088,63
4089,63
4090,63
4091,63
4092,63
4093,63
4094,63
4095,63
4096,63
4097,63
4098,63
4099,63
4100,63
4101,63
4102,63
4103,63
4104,63
4105,63
4106,63
4107,63
4108,63
4109,63
4110,63
4111,63
4112,63
4113,63
4114,63
4115,63
4116,63
4117,63
4118,63
4119,63
4120,63
4121,63
4122,63
4123,63
4124,63
4125,63
4126,63
4127,63
4128,63
4129,63
4130,63
4131,63
4132,63
4133,63
4134,63
4135,63
4136,63
4137,63
4138,63
4139,63
4140,63
4141,63
4142,63
4143,63
4144,63
4145,63
4146,63
4147,63
4148,63
4149,63
4150,63
4151,63
4152,63
4153,63
4154,63
4155,63
4156,63
4157,63
4158,63
4159,63
4160,63
4161,63
4162,63
4163,63
4164,63
4165,63
4166,63
4167,63
4168,63
4169,63
4170,63
4171,63
4172,63
4173,63
4174,63
4175,63
4176,63
4177,63
4178,63
4179,63
4180,63
4181,63
4182,63
4183,63
4184,63
4185,63
4186,63
4187,63
4188,63
4189,63
4190,63
4191,63
4192,63
4193,63
4194,63
4195,63
4196,63
4197,63
4198,63
4199,63
4200,63
4201,63
4202,63
4203,63
4204,63
4205,63
4206,63
4207,63
4208,63
4209,63
4210,63
4211,63
4212,63
4213,63
4214,63
4215,63
4216,63
4217,63
4218,63
4219,63
4220,63
4221,63
4222,63
4223,63
4224,63
4225,63
4226,63
4227,63
4228,63
4229,63
4230,63
4231,63
4232,63
4233,63
4234,63
4235,63
4236,63
4237,63
4238,63
4239,63
4240,63
4241,63
4242,63
4243,63
4244,63
4245,63
4246,63
4247,63
4248,63
4249,63
4250,63
4251,63
4252,63
4253,63
4254,63
4255,63
4256,63
4257,63
4258,63
4259,63
4260,63
4261,63
4262,63
4263,63
4264,63
4265,63
4266,63
4267,63
4268,63
4269,63
4270,63
4271,63
4272,63
4273,63
4274,63
4275,63
4276,63
4277,63
4278,63
4279,63
4280,63
4281,63
4282,63
4283,63
4284,63
4285,63
4286,63
4287,63
4288,63
4289,63
4290,63
4291,63
4292,63
4293,63
4294,63
4295,63
4296,63
4297,63
4298,63
4299,63
4300,63
4301,63
4302,63
4303,63
4304,63
4305,63
4306,63
4307,63
4308,63
4309,63
4310,63
4311,63
4312,63
4313,63
4314,63
4315,63
4316,63
4317,63
4318,63
4319,63
4320,63
4321,63
4322,63
4323,63
4324,63
4325,63
4326,63
4327,63
4328,63
4329,63
4330,63
4331,63
4332,63
4333,63
4334,63
4335,63
4336,63
4337,63
4338,63
4339,63
4340,63
4341,63
4342,63
4343,63
4344,63
4345,63
4346,63
4347,63
4348,63
4349,63
4350,63
4351,63
4352,63
4353,63
4354,63
4355,63
4356,63
4357,63
4358,63
4359,63
4360,63
4361,63
4362,63
4363,63
4364,63
4365,63
4366,63
4367,63
4368,63
4369,63
4370,63
4371,63
4372,63
4373,63
4374,63
4375,63
4376,63
4377,63
4378,63
4379,63
4380,63
4381,63
4382,63
4383,63
4384,63
4385,63
4386,63
4387,63
4388,63
4389,63
4390,63
4391,63
4392,63
4393,63
4394,63
4395,63
4396,63
4397,63
4398,63
4399,63
4400,63
4401,63
4402,63
4403,63
4404,63
4405,63
4406,63
4407,63
4408,63
4409,63
4410,63
4411,63
4412,63
4413,63
4414,63
4415,63
4416,63
4417,63
4418,63
4419,63
4420,63
4421,63
4422,63
4423,63
4424,63
4425,63
4426,63
4427,63
4428,63
4429,63
4430,63
4431,63
4432,63
4433,63
4434,63
4435,63
4436,63
4437,63
4438,63
4439,63
4440,63
4441,63
4442,63
4443,63
4444,63
4445,63
4446,63
4447,63
4448,63
4449,63
4450,63
4451,63
4452,63
4453,63
4454,63
4455,63
4456,63
4457,63
4458,63
4459,63
4460,63
4461,63
4462,63
4463,63
4464,63
4465,63
4466,63
4467,63
4468,63
4469,63
4470,63
4471,63
4472,63
4473,63
4474,63
4475,63
4476,63
4477,63
4478,63
4479,63
4480,63
4481,63
4482,63
4483,63
4484,63
4485,63
4486,63
4487,63
4488,63
4489,63
4490,63
4491,63
4492,63
4493,63
4494,63
4495,63
4496,63
4497,63
4498,63
4499,63
4500,63
4501,63
4502,63
4503,63
4504,63
4505,63
4506,63
4507,63
4508,63
4509,63
4510,63
4511,63
4512,63
4513,63
4514,63
4515,63
4516,63
4517,63
4518,63
4519,63
4520,63
4521,63
4522,63
4523,63
4524,63
4525,63
4526,63
4527,63
4528,63
4529,63
4530,63
4531,63
4532,63
4533,63
4534,63
4535,63
4536,63
4537,63
4538,63
4539,63
4540,63
4541,63
4542,63
4543,63
4544,63
4545,63
4546,63
4547,63
4548,63
4549,63
4550,63
4551,63
4552,63
4553,63
4554,63
4555,63
4556,63
4557,63
4558,63
4559,63
4560,63
4561,63
4562,63
4563,63
4564,63
4565,63
4566,63
4567,63
4568,63
4569,63
4570,63
4571,63
4572,63
4573,63
4574,63
4575,63
4576,63
4577,63
4578,63
4579,63
4580,63
4581,63
4582,63
4583,63
4584,63
4585,63
4586,63
4587,63
4588,63
4589,63
4590,63
4591,63
4592,63
4593,63
4594,63
4595,63
4596,63
4597,63
4598,63
4599,63
4600,63
4601,63
4602,63
4603,63
4604,63
4605,63
4606,63
4607,63
4608,63
4609,63
4610,63
4611,63
4612,63
4613,63
4614,63
4615,63
4616,63
4617,63
4618,63
4619,63
4620,63
4621,63
4622,63
4623,63
4624,63
4625,63
4626,63
4627,63
4628,63
4629,63
4630,63
4631,63
4632,63
4633,63
4634,63
4635,63
4636,63
4637,63
4638,63
4639,63
4640,63
4641,63
4642,63
4643,63
4644,63
4645,63
4646,63
4647,63
4648,63
4649,63
4650,63
4651,63
4652,63
4653,63
4654,63
4655,63
4656,63
4657,63
4658,63
4659,63
4660,63
4661,63
4662,63
4663,63
4664,63
4665,63
4666,63
4667,63
4668,63
4669,63
4670,63
4671,63
4672,63
4673,63
4674,63
4675,63
4676,63
4677,63
4678,63
4679,63
4680,63
4681,63
4682,63
4683,63
4684,63
4685,63
4686,63
4687,63
4688,63
4689,63
4690,63
4691,63
4692,63
4693,63
4694,63
4695,63
4696,63
4697,63
4698,63
4699,63
4700,63
4701,63
4702,63
4703,63
4704,63
4705,63
4706,63
4707,63
4708,63
4709,63
4710,63
4711,63
4712,63
4713,63
4714,63
4715,63
4716,63
4717,63
4718,63
4719,63
4720,63
4721,63
4722,63
4723,63
4724,63
4725,63
4726,63
4727,63
4728,63
4729,63
4730,63
4731,63
4732,63
4733,63
4734,63
4735,63
4736,63
4737,63
4738,63
4739,63
4740,63
4741,63
4742,63
4743,63
4744,63
4745,63
4746,63
4747,63
4748,63
4749,63
4750,63
4751,63
4752,63
4753,63
4754,63
4755,63
4756,63
4757,63
4758,63
4759,63
4760,63
4761,63
4762,63
4763,63
4764,63
4765,63
4766,63
4767,63
4768,63
4769,63
4770,63
4771,63
4772,63
4773,63
4774,63
4775,63
4776,63
4777,63
4778,63
4779,63
4780,63
4781,63
4782,63
4783,63
4784,63
4785,63
4786,63
4787,63
4788,63
4789,63
4790,63
4791,63
4792,63
4793,63
4794,63
4795,63
4796,63
4797,63
4798,63
4799,63
4800,63
4801,63
4802,63
4803,63
4804,63
4805,63
4806,63
4807,63
4808,63
4809,63
4810,63
4811,63
4812,63
4813,63
4814,63
4815,63
4816,63
4817,63
4818,63
4819,63
4820,63
4821,63
4822,63
4823,63
4824,63
4825,63
4826,63
4827,63
4828,63
4829,63
4830,63
4831,63
4832,63
4833,63
4834,63
4835,63
4836,63
4837,63
4838,63
4839,63
4840,63
4841,63
4842,63
4843,63
4844,63
4845,63
4846,63
4847,63
4848,63
4849,63
4850,63
4851,63
4852,63
4853,63
4854,63
4855,63
4856,63
4857,63
4858,63
4859,63
4860,63
4861,63
4862,63
4863,63
4864,63
4865,63
4866,63
4867,63
4868,63
4869,63
4870,63
4871,63
4872,63
4873,63
4874,63
4875,63
4876,63
4877,63
4878,63
4879,63
4880,63
4881,63
4882,63
4883,63
4884,63
4885,63
4886,63
4887,63
4888,63
4889,63
4890,63
4891,63
4892,63
4893,63
4894,63
4895,63
4896,63
4897,63
4898,63
4899,63
4900,63
4901,63
4902,63
4903,63
4904,63
4905,63
4906,63
4907,63
4908,63
4909,63
4910,63
4911,63
4912,63
4913,63
4914,63
4915,63
4916,63
4917,63
4918,63
4919,63
4920,63
4921,63
4922,63
4923,63
4924,63
4925,63
4926,63
4927,63
4928,63
4929,63
4930,63
4931,63
4932,63
4933,63
4934,63
4935,63
4936,63
4937,63
4938,63
4939,63
4940,63
4941,63
4942,63
4943,63
4944,63
4945,63
4946,63
4947,63
4948,63
4949,63
4950,63
4951,63
4952,63
4953,63
4954,63
4955,63
4956,63
4957,63
4958,63
4959,63
4960,63
4961,63
4962,63
4963,63
4964,63
4965,63
4966,63
4967,63
4968,63
4969,63
4970,63
4971,63
4972,63
4973,63
4974,63
4975,63
4976,63
4977,63
4978,63
4979,63
4980,63
4981,63
4982,63
4983,63
4984,63
4985,63
4986,63
4987,63
4988,63
4989,63
4990,63
4991,63
4992,63
4993,63
4994,63
4995,63
4996,63
4997,63
4998,63
4999,63
5000,63
5001,63
5002,63
5003,63
5004,63
5005,63
5006,63
5007,63
5008,63
5009,63
5010,63
5011,63
5012,63
5013,63
5014,63
5015,63
5016,63
5017,63
5018,63
5019,63
5020,63
5021,63
5022,63
5023,63
5024,63
5025,63
5026,63
5027,63
5028,63
5029,63
5030,63
5031,63
5032,63
5033,63
5034,63
5035,63
5036,63
5037,63
5038,63
5039,63
5040,63
5041,63
5042,63
5043,63
5044,63
5045,63
5046,63
5047,63
5048,63
5049,63
5050,63
5051,63
5052,63
5053,63
5054,63
5055,63
5056,63
5057,63
5058,63
5059,63
5060,63
5061,63
5062,63
5063,63
5064,63
5065,63
5066,63
5067,63
5068,63
5069,63
5070,63
5071,63
5072,63
5073,63
5074,63
5075,63
5076,63
5077,63
5078,63
5079,63
5080,63
5081,63
5082,63
5083,63
5084,63
5085,63
5086,63
5087,63
5088,63
5089,63
5090,63
5091,63
5092,63
5093,63
5094,63
5095,63
5096,63
5097,63
5098,63
5099,63
5100,63
5101,63
5102,63
5103,63
5104,63
5105,63
5106,63
5107,63
5108,63
5109,63
5110,63
5111,63
5112,63
5113,63
5114,63
5115,63
5116,63
5117,63
5118,63
5119,63
5120,63
5121,63
5122,63
5123,63
5124,63
5125,63
5126,63
5127,63
5128,63
5129,63
5130,63
5131,63
5132,63
5133,63
5134,63
5135,63
5136,63
5137,63
5138,63
5139,63
5140,63
5141,63
5142,63
5143,63
5144,63
5145,63
5146,63
5147,63
5148,63
5149,63
5150,63
5151,63
5152,63
5153,63
5154,63
5155,63
5156,63
5157,63
5158,63
5159,63
5160,63
5161,63
5162,63
5163,63
5164,63
5165,63
5166,63
5167,63
5168,63
5169,63
5170,63
5171,63
5172,63
5173,63
5174,63
5175,63
5176,63
5177,63
5178,63
5179,63
5180,63
5181,63
5182,63
5183,63
5184,63
5185,63
5186,63
5187,63
5188,63
5189,63
5190,63
5191,63
5192,63
5193,63
5194,63
5195,63
5196,63
5197,63
5198,63
5199,63
5200,63
5201,63
5202,63
5203,63
5204,63
5205,63
5206,63
5207,63
5208,63
5209,63
5210,63
5211,63
5212,63
5213,63
5214,63
5215,63
5216,63
5217,63
5218,63
5219,63
5220,63
5221,63
5222,63
5223,63
5224,63
5225,63
5226,63
5227,63
5228,63
5229,63
5230,63
5231,63
5232,63
5233,63
5234,63
5235,63
5236,63
5237,63
5238,63
5239,63
5240,63
5241,63
5242,63
5243,63
5244,63
5245,63
5246,63
5247,63
5248,63
5249,63
5250,63
5251,63
5252,63
5253,63
5254,63
5255,63
5256,63
5257,63
5258,63
5259,63
5260,63
5261,63
5262,63
5263,63
5264,63
5265,63
5266,63
5267,63
5268,63
5269,63
5270,63
5271,63
5272,63
5273,63
5274,63
5275,63
5276,63
5277,63
5278,63
5279,63
5280,63
5281,63
5282,63
5283,63
5284,63
5285,63
5286,63
5287,63
5288,63
5289,63
5290,63
5291,63
5292,63
5293,63
5294,63
5295,63
5296,63
5297,63
5298,63
5299,63
5300,63
5301,63
5302,63
5303,63
5304,63
5305,63
5306,63
5307,63
5308,63
5309,63
5310,63
5311,63
5312,63
5313,63
5314,63
5315,63
5316,63
5317,63
5318,63
5319,63
5320,63
5321,63
5322,63
5323,63
5324,63
5325,63
5326,63
5327,63
5328,63
5329,63
5330,63
5331,63
5332,63
5333,63
5334,63
5335,63
5336,63
5337,63
5338,63
5339,63
5340,63
5341,63
5342,63
5343,63
5344,63
5345,63
5346,63
5347,63
5348,63
5349,63
5350,63
5351,63
5352,63
5353,63
5354,63
5355,63
5356,63
5357,63
5358,63
5359,63
5360,63
5361,63
5362,63
5363,63
5364,63
5365,63
5366,63
5367,63
5368,63
5369,63
5370,63
5371,63
5372,63
5373,63
5374,63
5375,63
5376,63
5377,63
5378,63
5379,63
5380,63
5381,63
5382,63
5383,63
5384,63
5385,63
5386,63
5387,63
5388,63
5389,63
5390,63
5391,63
5392,63
5393,63
5394,63
5395,63
5396,63
5397,63
5398,63
5399,63
5400,63
5401,63
5402,63
5403,63
5404,63
5405,63
5406,63
5407,63
5408,63
5409,63
5410,63
5411,63
5412,63
5413,63
5414,63
5415,63
5416,63
5417,63
5418,63
5419,63
5420,63
5421,63
5422,63
5423,63
5424,63
5425,63
5426,63
5427,63
5428,63
5429,63
5430,63
5431,63
5432,63
5433,63
5434,63
5435,63
5436,63
5437,63
5438,63
5439,63
5440,63
5441,63
5442,63
5443,63
5444,63
5445,63
5446,63
5447,63
5448,63
5449,63
5450,63
5451,63
5452,63
5453,63
5454,63
5455,63
5456,63
5457,63
5458,63
5459,63
5460,63
5461,63
5462,63
5463,63
5464,63
5465,63
5466,63
5467,63
5468,63
5469,63
5470,63
5471,63
5472,63
5473,63
5474,63
5475,63
5476,63
5477,63
5478,63
5479,63
5480,63
5481,63
5482,63
5483,63
5484,63
5485,63
5486,63
5487,63
5488,63
5489,63
5490,63
5491,63
5492,63
5493,63
5494,63
5495,63
5496,63
5497,63
5498,63
5499,63
5500,63
5501,63
5502,63
5503,63
5504,63
5505,63
5506,63
5507,63
5508,63
5509,63
5510,63
5511,63
5512,63
5513,63
5514,63
5515,63
5516,63
5517,63
5518,63
5519,63
5520,63
5521,63
5522,63
5523,63
5524,63
5525,63
5526,63
5527,63
5528,63
5529,63
5530,63
5531,63
5532,63
5533,63
5534,63
5535,63
5536,63
5537,63
5538,63
5539,63
5540,63
5541,63
5542,63
5543,63
5544,63
5545,63
5546,63
5547,63
5548,63
5549,63
5550,63
5551,63
5552,63
5553,63
5554,63
5555,63
5556,63
5557,63
5558,63
5559,63
5560,63
5561,63
5562,63
5563,63
5564,63
5565,63
5566,63
5567,63
5568,63
5569,63
5570,63
5571,63
5572,63
5573,63
5574,63
5575,63
5576,63
5577,63
5578,63
5579,63
5580,63
5581,63
5582,63
5583,63
5584,63
5585,63
5586,63
5587,63
5588,63
5589,63
5590,63
5591,63
5592,63
5593,63
5594,63
5595,63
5596,63
5597,63
5598,63
5599,63
5600,63
5601,63
5602,63
5603,63
5604,63
5605,63
5606,63
5607,63
5608,63
5609,63
5610,63
5611,63
5612,63
5613,63
5614,63
5615,63
5616,63
5617,63
5618,63
5619,63
5620,63
5621,63
5622,63
5623,63
5624,63
5625,63
5626,63
5627,63
5628,63
5629,63
5630,63
5631,63
5632,63
5633,63
5634,63
5635,63
5636,63
5637,63
5638,63
5639,63
5640,63
5641,63
5642,63
5643,63
5644,63
5645,63
5646,63
5647,63
5648,63
5649,63
5650,63
5651,63
5652,63
5653,63
5654,63
5655,63
5656,63
5657,63
5658,63
5659,63
5660,63
5661,63
5662,63
5663,63
5664,63
5665,63
5666,63
5667,63
5668,63
5669,63
5670,63
5671,63
5672,63
5673,63
5674,63
5675,63
5676,63
5677,63
5678,63
5679,63
5680,63
5681,63
5682,63
5683,63
5684,63
5685,63
5686,63
5687,63
5688,63
5689,63
5690,63
5691,63
5692,63
5693,63
5694,63
5695,63
5696,63
5697,63
5698,63
5699,63
5700,63
5701,63
5702,63
5703,63
5704,63
5705,63
5706,63
5707,63
5708,63
5709,63
5710,63
5711,63
5712,63
5713,63
5714,63
5715,63
5716,63
5717,63
5718,63
5719,63
5720,63
5721,63
5722,63
5723,63
5724,63
5725,63
5726,63
5727,63
5728,63
5729,63
5730,63
5731,63
5732,63
5733,63
5734,63
5735,63
5736,63
5737,63
5738,63
5739,63
5740,63
5741,63
5742,63
5743,63
5744,63
5745,63
5746,63
5747,63
5748,63
5749,63
5750,63
5751,63
5752,63
5753,63
5754,63
5755,63
5756,63
5757,63
5758,63
5759,63
5760,63
5761,63
5762,63
5763,63
5764,63
5765,63
5766,63
5767,63
5768,63
5769,63
5770,63
5771,63
5772,63
5773,63
5774,63
5775,63
5776,63
5777,63
5778,63
5779,63
5780,63
5781,63
5782,63
5783,63
5784,63
5785,63
5786,63
5787,63
5788,63
5789,63
5790,63
5791,63
5792,63
5793,63
5794,63
5795,63
5796,63
5797,63
5798,63
5799,63
5800,63
5801,63
5802,63
5803,63
5804,63
5805,63
5806,63
5807,63
5808,63
5809,63
5810,63
5811,63
5812,63
5813,63
5814,63
5815,63
5816,63
5817,63
5818,63
5819,63
5820,63
5821,63
5822,63
5823,63
5824,63
5825,63
5826,63
5827,63
5828,63
5829,63
5830,63
5831,63
5832,63
5833,63
5834,63
5835,63
5836,63
5837,63
5838,63
5839,63
5840,63
5841,63
5842,63
5843,63
5844,63
5845,63
5846,63
5847,63
5848,63
5849,63
5850,63
5851,63
5852,63
5853,63
5854,63
5855,63
5856,63
5857,63
5858,63
5859,63
5860,63
5861,63
5862,63
5863,63
5864,63
5865,63
5866,63
5867,63
5868,63
5869,63
5870,63
5871,63
5872,63
5873,63
5874,63
5875,63
5876,63
5877,63
5878,63
5879,63
5880,63
5881,63
5882,63
5883,63
5884,63
5885,63
5886,63
5887,63
5888,63
5889,63
5890,63
5891,63
5892,63
5893,63
5894,63
5895,63
5896,63
5897,63
5898,63
5899,63
5900,63
5901,63
5902,63
5903,63
5904,63
5905,63
5906,63
5907,63
5908,63
5909,63
5910,63
5911,63
5912,63
5913,63
5914,63
5915,63
5916,63
5917,63
5918,63
5919,63
5920,63
5921,63
5922,63
5923,63
5924,63
5925,63
5926,63
5927,63
5928,63
5929,63
5930,63
5931,63
5932,63
5933,63
5934,63
5935,63
5936,63
5937,63
5938,63
5939,63
5940,63
5941,63
5942,63
5943,63
5944,63
5945,63
5946,63
5947,63
5948,63
5949,63
5950,63
5951,63
5952,63
5953,63
5954,63
5955,63
5956,63
5957,63
5958,63
5959,63
5960,63
5961,63
5962,63
5963,63
5964,63
5965,63
5966,63
5967,63
5968,63
5969,63
5970,63
5971,63
5972,63
5973,63
5974,63
5975,63
5976,63
5977,63
5978,63
5979,63
5980,63
5981,63
5982,63
5983,63
5984,63
5985,63
5986,63
5987,63
5988,63
5989,63
5990,63
5991,63
5992,63
5993,63
5994,63
5995,63
5996,63
5997,63
5998,63
5999,63
6000,63
6001,63
6002,63
6003,63
6004,63
6005,63
6006,63
6007,63
6008,63
6009,63
6010,63
6011,63
6012,63
6013,63
6014,63
6015,63
6016,63
6017,63
6018,63
6019,63
6020,63
6021,63
6022,63
6023,63
6024,63
6025,63
6026,63
6027,63
6028,63
6029,63
6030,63
6031,63
6032,63
6033,63
6034,63
6035,63
6036,63
6037,63
6038,63
6039,63
6040,63
6041,63
6042,63
6043,63
6044,63
6045,63
6046,63
6047,63
6048,63
6049,63
6050,63
6051,63
6052,63
6053,63
6054,63
6055,63
6056,63
6057,63
6058,63
6059,63
6060,63
6061,63
6062,63
6063,63
6064,63
6065,63
6066,63
6067,63
6068,63
6069,63
6070,63
6071,63
6072,63
6073,63
6074,63
6075,63
6076,63
6077,63
6078,63
6079,63
6080,63
6081,63
6082,63
6083,63
6084,63
6085,63
6086,63
6087,63
6088,63
6089,63
6090,63
6091,63
6092,63
6093,63
6094,63
6095,63
6096,63
6097,63
6098,63
6099,63
6100,63
6101,63
6102,63
6103,63
6104,63
6105,63
6106,63
6107,63
6108,63
6109,63
6110,63
6111,63
6112,63
6113,63
6114,63
6115,63
6116,63
6117,63
6118,63
6119,63
6120,63
6121,63
6122,63
6123,63
6124,63
6125,63
6126,63
6127,63
6128,63
6129,63
6130,63
6131,63
6132,63
6133,63
6134,63
6135,63
6136,63
6137,63
6138,63
6139,63
6140,63
6141,63
6142,63
6143,63
6144,63
6145,63
6146,63
6147,63
6148,63
6149,63
6150,63
6151,63
6152,63
6153,63
6154,63
6155,63
6156,63
6157,63
6158,63
6159,63
6160,63
6161,63
6162,63
6163,63
6164,63
6165,63
6166,63
6167,63
6168,63
6169,63
6170,63
6171,63
6172,63
6173,63
6174,63
6175,63
6176,63
6177,63
6178,63
6179,63
6180,63
6181,63
6182,63
6183,63
6184,63
6185,63
6186,63
6187,63
6188,63
6189,63
6190,63
6191,63
6192,63
6193,63
6194,63
6195,63
6196,63
6197,63
6198,63
6199,63
6200,63
6201,63
6202,63
6203,63
6204,63
6205,63
6206,63
6207,63
6208,63
6209,63
6210,63
6211,63
6212,63
6213,63
6214,63
6215,63
6216,63
6217,63
6218,63
6219,63
6220,63
6221,63
6222,63
6223,63
6224,63
6225,63
6226,63
6227,63
6228,63
6229,63
6230,63
6231,63
6232,63
6233,63
6234,63
6235,63
6236,63
6237,63
6238,63
6239,63
6240,63
6241,63
6242,63
6243,63
6244,63
6245,63
6246,63
6247,63
6248,63
6249,63
6250,63
6251,63
6252,63
6253,63
6254,63
6255,63
6256,63
6257,63
6258,63
6259,63
6260,63
6261,63
6262,63
6263,63
6264,63
6265,63
6266,63
6267,63
6268,63
6269,63
6270,63
6271,63
6272,63
6273,63
6274,63
6275,63
6276,63
6277,63
6278,63
6279,63
6280,63
6281,63
6282,63
6283,63
6284,63
6285,63
6286,63
6287,63
6288,63
6289,63
6290,63
6291,63
6292,63
6293,63
6294,63
6295,63
6296,63
6297,63
6298,63
6299,63
6300,63
6301,63
6302,63
6303,63
6304,63
6305,63
6306,63
6307,63
6308,63
6309,63
6310,63
6311,63
6312,63
6313,63
6314,63
6315,63
6316,63
6317,63
6318,63
6319,63
6320,63
6321,63
6322,63
6323,63
6324,63
6325,63
6326,63
6327,63
6328,63
6329,63
6330,63
6331,63
6332,63
6333,63
6334,63
6335,63
6336,63
6337,63
6338,63
6339,63
6340,63
6341,63
6342,63
6343,63
6344,63
6345,63
6346,63
6347,63
6348,63
6349,63
6350,63
6351,63
6352,63
6353,63
6354,63
6355,63
6356,63
6357,63
6358,63
6359,63
6360,63
6361,63
6362,63
6363,63
6364,63
6365,63
6366,63
6367,63
6368,63
6369,63
6370,63
6371,63
6372,63
6373,63
6374,63
6375,63
6376,63
6377,63
6378,63
6379,63
6380,63
6381,63
6382,63
6383,63
6384,63
6385,63
6386,63
6387,63
6388,63
6389,63
6390,63
6391,63
6392,63
6393,63
6394,63
6395,63
6396,63
6397,63
6398,63
6399,63
6400,63
6401,63
6402,63
6403,63
6404,63
6405,63
6406,63
6407,63
6408,63
6409,63
6410,63
6411,63
6412,63
6413,63
6414,63
6415,63
6416,63
6417,63
6418,63
6419,63
6420,63
6421,63
6422,63
6423,63
6424,63
6425,63
6426,63
6427,63
6428,63
6429,63
6430,63
6431,63
6432,63
6433,63
6434,63
6435,63
6436,63
6437,63
6438,63
6439,63
6440,63
6441,63
6442,63
6443,63
6444,63
6445,63
6446,63
6447,63
6448,63
6449,63
6450,63
6451,63
6452,63
6453,63
6454,63
6455,63
6456,63
6457,63
6458,63
6459,63
6460,63
6461,63
6462,63
6463,63
6464,63
6465,63
6466,63
6467,63
6468,63
6469,63
6470,63
6471,63
6472,63
6473,63
6474,63
6475,63
6476,63
6477,63
6478,63
6479,63
6480,63
6481,63
6482,63
6483,63
6484,63
6485,63
6486,63
6487,63
6488,63
6489,63
6490,63
6491,63
6492,63
6493,63
6494,63
6495,63
6496,63
6497,63
6498,63
6499,63
6500,63
6501,63
6502,63
6503,63
6504,63
6505,63
6506,63
6507,63
6508,63
6509,63
6510,63
6511,63
6512,63
6513,63
6514,63
6515,63
6516,63
6517,63
6518,63
6519,63
6520,63
6521,63
6522,63
6523,63
6524,63
6525,63
6526,63
6527,63
6528,63
6529,63
6530,63
6531,63
6532,63
6533,63
6534,63
6535,63
6536,63
6537,63
6538,63
6539,63
6540,63
6541,63
6542,63
6543,63
6544,63
6545,63
6546,63
6547,63
6548,63
6549,63
6550,63
6551,63
6552,63
6553,63
6554,63
6555,63
6556,63
6557,63
6558,63
6559,63
6560,63
6561,63
6562,63
6563,63
6564,63
6565,63
6566,63
6567,63
6568,63
6569,63
6570,63
6571,63
6572,63
6573,63
6574,63
6575,63
6576,63
6577,63
6578,63
6579,63
6580,63
6581,63
6582,63
6583,63
6584,63
6585,63
6586,63
6587,63
6588,63
6589,63
6590,63
6591,63
6592,63
6593,63
6594,63
6595,63
6596,63
6597,63
6598,63
6599,63
6600,63
6601,63
6602,63
6603,63
6604,63
6605,63
6606,63
6607,63
6608,63
6609,63
6610,63
6611,63
6612,63
6613,63
6614,63
6615,63
6616,63
6617,63
6618,63
6619,63
6620,63
6621,63
6622,63
6623,63
6624,63
6625,63
6626,63
6627,63
6628,63
6629,63
6630,63
6631,63
6632,63
6633,63
6634,63
6635,63
6636,63
6637,63
6638,63
6639,63
6640,63
6641,63
6642,63
6643,63
6644,63
6645,63
6646,63
6647,63
6648,63
6649,63
6650,63
6651,63
6652,63
6653,63
6654,63
6655,63
6656,63
6657,63
6658,63
6659,63
6660,63
6661,63
6662,63
6663,63
6664,63
6665,63
6666,63
6667,63
6668,63
6669,63
6670,63
6671,63
6672,63
6673,63
6674,63
6675,63
6676,63
6677,63
6678,63
6679,63
6680,63
6681,63
6682,63
6683,63
6684,63
6685,63
6686,63
6687,63
6688,63
6689,63
6690,63
6691,63
6692,63
6693,63
6694,63
6695,63
6696,63
6697,63
6698,63
6699,63
6700,63
6701,63
6702,63
6703,63
6704,63
6705,63
6706,63
6707,63
6708,63
6709,63
6710,63
6711,63
6712,63
6713,63
6714,63
6715,63
6716,63
6717,63
6718,63
6719,63
6720,63
6721,63
6722,63
6723,63
6724,63
6725,63
6726,63
6727,63
6728,63
6729,63
6730,63
6731,63
6732,63
6733,63
6734,63
6735,63
6736,63
6737,63
6738,63
6739,63
6740,63
6741,63
6742,63
6743,63
6744,63
6745,63
6746,63
6747,63
6748,63
6749,63
6750,63
6751,63
6752,63
6753,63
6754,63
6755,63
6756,63
6757,63
6758,63
6759,63
6760,63
6761,63
6762,63
6763,63
6764,63
6765,63
6766,63
6767,63
6768,63
6769,63
6770,63
6771,63
6772,63
6773,63
6774,63
6775,63
6776,63
6777,63
6778,63
6779,63
6780,63
6781,63
6782,63
6783,63
6784,63
6785,63
6786,63
6787,63
6788,63
6789,63
6790,63
6791,63
6792,63
6793,63
6794,63
6795,63
6796,63
6797,63
6798,63
6799,63
6800,63
6801,63
6802,63
6803,63
6804,63
6805,63
6806,63
6807,63
6808,63
6809,63
6810,63
6811,63
6812,63
6813,63
6814,63
6815,63
6816,63
6817,63
6818,63
6819,63
6820,63
6821,63
6822,63
6823,63
6824,63
6825,63
6826,63
6827,63
6828,63
6829,63
6830,63
6831,63
6832,63
6833,63
6834,63
6835,63
6836,63
6837,63
6838,63
6839,63
6840,63
6841,63
6842,63
6843,63
6844,63
6845,63
6846,63
6847,63
6848,63
6849,63
6850,63
6851,63
6852,63
6853,63
6854,63
6855,63
6856,63
6857,63
6858,63
6859,63
6860,63
6861,63
6862,63
6863,63
6864,63
6865,63
6866,63
6867,63
6868,63
6869,63
6870,63
6871,63
6872,63
6873,63
6874,63
6875,63
6876,63
6877,63
6878,63
6879,63
6880,63
6881,63
6882,63
6883,63
6884,63
6885,63
6886,63
6887,63
6888,63
6889,63
6890,63
6891,63
6892,63
6893,63
6894,63
6895,63
6896,63
6897,63
6898,63
6899,63
6900,63
6901,63
6902,63
6903,63
6904,63
6905,63
6906,63
6907,63
6908,63
6909,63
6910,63
6911,63
6912,63
6913,63
6914,63
6915,63
6916,63
6917,63
6918,63
6919,63
6920,63
6921,63
6922,63
6923,63
6924,63
6925,63
6926,63
6927,63
6928,63
6929,63
6930,63
6931,63
6932,63
6933,63
6934,63
6935,63
6936,63
6937,63
6938,63
6939,63
6940,63
6941,63
6942,63
6943,63
6944,63
6945,63
6946,63
6947,63
6948,63
6949,63
6950,63
6951,63
6952,63
6953,63
6954,63
6955,63
6956,63
6957,63
6958,63
6959,63
6960,63
6961,63
6962,63
6963,63
6964,63
6965,63
6966,63
6967,63
6968,63
6969,63
6970,63
6971,63
6972,63
6973,63
6974,63
6975,63
6976,63
6977,63
6978,63
6979,63
6980,63
6981,63
6982,63
6983,63
6984,63
6985,63
6986,63
6987,63
6988,63
6989,63
6990,63
6991,63
6992,63
6993,63
6994,63
6995,63
6996,63
6997,63
6998,63
6999,63
7000,63
7001,63
7002,63
7003,63
7004,63
7005,63
7006,63
7007,63
7008,63
7009,63
7010,63
7011,63
7012,63
7013,63
7014,63
7015,63
7016,63
7017,63
7018,63
7019,63
7020,63
7021,63
7022,63
7023,63
7024,63
7025,63
7026,63
7027,63
7028,63
7029,63
7030,63
7031,63
7032,63
7033,63
7034,63
7035,63
7036,63
7037,63
7038,63
7039,63
7040,63
7041,63
7042,63
7043,63
7044,63
7045,63
7046,63
7047,63
7048,63
7049,63
7050,63
7051,63
7052,63
7053,63
7054,63
7055,63
7056,63
7057,63
7058,63
7059,63
7060,63
7061,63
7062,63
7063,63
7064,63
7065,63
7066,63
7067,63
7068,63
7069,63
7070,63
7071,63
7072,63
7073,63
7074,63
7075,63
7076,63
7077,63
7078,63
7079,63
7080,63
7081,63
7082,63
7083,63
7084,63
7085,63
7086,63
7087,63
7088,63
7089,63
7090,63
7091,63
7092,63
7093,63
7094,63
7095,63
7096,63
7097,63
7098,63
7099,63
7100,63
7101,63
7102,63
7103,63
7104,63
7105,63
7106,63
7107,63
7108,63
7109,63
7110,63
7111,63
7112,63
7113,63
7114,63
7115,63
7116,63
7117,63
7118,63
7119,63
7120,63
7121,63
7122,63
7123,63
7124,63
7125,63
7126,63
7127,63
7128,63
7129,63
7130,63
7131,63
7132,63
7133,63
7134,63
7135,63
7136,63
7137,63
7138,63
7139,63
7140,63
7141,63
7142,63
7143,63
7144,63
7145,63
7146,63
7147,63
7148,63
7149,63
7150,63
7151,63
7152,63
7153,63
7154,63
7155,63
7156,63
7157,63
7158,63
7159,63
7160,63
7161,63
7162,63
7163,63
7164,63
7165,63
7166,63
7167,63
7168,63
7169,63
7170,63
7171,63
7172,63
7173,63
7174,63
7175,63
7176,63
7177,63
7178,63
7179,63
7180,63
7181,63
7182,63
7183,63
7184,63
7185,63
7186,63
7187,63
7188,63
7189,63
7190,63
7191,63
7192,63
7193,63
7194,63
7195,63
7196,63
7197,63
7198,63
7199,63
7200,63
7201,63
7202,63
7203,63
7204,63
7205,63
7206,63
7207,63
7208,63
7209,63
7210,63
7211,63
7212,63
7213,63
7214,63
7215,63
7216,63
7217,63
7218,63
7219,63
7220,63
7221,63
7222,63
7223,63
7224,63
7225,63
7226,63
7227,63
7228,63
7229,63
7230,63
7231,63
7232,63
7233,63
7234,63
7235,63
7236,63
7237,63
7238,63
7239,63
7240,63
7241,63
7242,63
7243,63
7244,63
7245,63
7246,63
7247,63
7248,63
7249,63
7250,63
7251,63
7252,63
7253,63
7254,63
7255,63
7256,63
7257,63
7258,63
7259,63
7260,63
7261,63
7262,63
7263,63
7264,63
7265,63
7266,63
7267,63
7268,63
7269,63
7270,63
7271,63
7272,63
7273,63
7274,63
7275,63
7276,63
7277,63
7278,63
7279,63
7280,63
7281,63
7282,63
7283,63
7284,63
7285,63
7286,63
7287,63
7288,63
7289,63
7290,63
7291,63
7292,63
7293,63
7294,63
7295,63
7296,63
7297,63
7298,63
7299,63
7300,63
7301,63
7302,63
7303,63
7304,63
7305,63
7306,63
7307,63
7308,63
7309,63
7310,63
7311,63
7312,63
7313,63
7314,63
7315,63
7316,63
7317,63
7318,63
7319,63
7320,63
7321,63
7322,63
7323,63
7324,63
7325,63
7326,63
7327,63
7328,63
7329,63
7330,63
7331,63
7332,63
7333,63
7334,63
7335,63
7336,63
7337,63
7338,63
7339,63
7340,63
7341,63
7342,63
7343,63
7344,63
7345,63
7346,63
7347,63
7348,63
7349,63
7350,63
7351,63
7352,63
7353,63
7354,63
7355,63
7356,63
7357,63
7358,63
7359,63
7360,63
7361,63
7362,63
7363,63
7364,63
7365,63
7366,63
7367,63
7368,63
7369,63
7370,63
7371,63
7372,63
7373,63
7374,63
7375,63
7376,63
7377,63
7378,63
7379,63
7380,63
7381,63
7382,63
7383,63
7384,63
7385,63
7386,63
7387,63
7388,63
7389,63
7390,63
7391,63
7392,63
7393,63
7394,63
7395,63
7396,63
7397,63
7398,63
7399,63
7400,63
7401,63
7402,63
7403,63
7404,63
7405,63
7406,63
7407,63
7408,63
7409,63
7410,63
7411,63
7412,63
7413,63
7414,63
7415,63
7416,63
7417,63
7418,63
7419,63
7420,63
7421,63
7422,63
7423,63
7424,63
7425,63
7426,63
7427,63
7428,63
7429,63
7430,63
7431,63
7432,63
7433,63
7434,63
7435,63
7436,63
7437,63
7438,63
7439,63
7440,63
7441,63
7442,63
7443,63
7444,63
7445,63
7446,63
7447,63
7448,63
7449,63
7450,63
7451,63
7452,63
7453,63
7454,63
7455,63
7456,63
7457,63
7458,63
7459,63
7460,63
7461,63
7462,63
7463,63
7464,63
7465,63
7466,63
7467,63
7468,63
7469,63
7470,63
7471,63
7472,63
7473,63
7474,63
7475,63
7476,63
7477,63
7478,63
7479,63
7480,63
7481,63
7482,63
7483,63
7484,63
7485,63
7486,63
7487,63
7488,63
7489,63
7490,63
7491,63
7492,63
7493,63
7494,63
7495,63
7496,63
7497,63
7498,63
7499,63
7500,63
7501,63
7502,63
7503,63
7504,63
7505,63
7506,63
7507,63
7508,63
7509,63
7510,63
7511,63
7512,63
7513,63
7514,63
7515,63
7516,63
7517,63
7518,63
7519,63
7520,63
7521,63
7522,63
7523,63
7524,63
7525,63
7526,63
7527,63
7528,63
7529,63
7530,63
7531,63
7532,63
7533,63
7534,63
7535,63
7536,63
7537,63
7538,63
7539,63
7540,63
7541,63
7542,63
7543,63
7544,63
7545,63
7546,63
7547,63
7548,63
7549,63
7550,63
7551,63
7552,63
7553,63
7554,63
7555,63
7556,63
7557,63
7558,63
7559,63
7560,63
7561,63
7562,63
7563,63
7564,63
7565,63
7566,63
7567,63
7568,63
7569,63
7570,63
7571,63
7572,63
7573,63
7574,63
7575,63
7576,63
7577,63
7578,63
7579,63
7580,63
7581,63
7582,63
7583,63
7584,63
7585,63
7586,63
7587,63
7588,63
7589,63
7590,63
7591,63
7592,63
7593,63
7594,63
7595,63
7596,63
7597,63
7598,63
7599,63
7600,63
7601,63
7602,63
7603,63
7604,63
7605,63
7606,63
7607,63
7608,63
7609,63
7610,63
7611,63
7612,63
7613,63
7614,63
7615,63
7616,63
7617,63
7618,63
7619,63
7620,63
7621,63
7622,63
7623,63
7624,63
7625,63
7626,63
7627,63
7628,63
7629,63
7630,63
7631,63
7632,63
7633,63
7634,63
7635,63
7636,63
7637,63
7638,63
7639,63
7640,63
7641,63
7642,63
7643,63
7644,63
7645,63
7646,63
7647,63
7648,63
7649,63
7650,63
7651,63
7652,63
7653,63
7654,63
7655,63
7656,63
7657,63
7658,63
7659,63
7660,63
7661,63
7662,63
7663,63
7664,63
7665,63
7666,63
7667,63
7668,63
7669,63
7670,63
7671,63
7672,63
7673,63
7674,63
7675,63
7676,63
7677,63
7678,63
7679,63
7680,63
7681,63
7682,63
7683,63
7684,63
7685,63
7686,63
7687,63
7688,63
7689,63
7690,63
7691,63
7692,63
7693,63
7694,63
7695,63
7696,63
7697,63
7698,63
7699,63
7700,63
7701,63
7702,63
7703,63
7704,63
7705,63
7706,63
7707,63
7708,63
7709,63
7710,63
7711,63
7712,63
7713,63
7714,63
7715,63
7716,63
7717,63
7718,63
7719,63
7720,63
7721,63
7722,63
7723,63
7724,63
7725,63
7726,63
7727,63
7728,63
7729,63
7730,63
7731,63
7732,63
7733,63
7734,63
7735,63
7736,63
7737,63
7738,63
7739,63
7740,63
7741,63
7742,63
7743,63
7744,63
7745,63
7746,63
7747,63
7748,63
7749,63
7750,63
7751,63
7752,63
7753,63
7754,63
7755,63
7756,63
7757,63
7758,63
7759,63
7760,63
7761,63
7762,63
7763,63
7764,63
7765,63
7766,63
7767,63
7768,63
7769,63
7770,63
7771,63
7772,63
7773,63
7774,63
7775,63
7776,63
7777,63
7778,63
7779,63
7780,63
7781,63
7782,63
7783,63
7784,63
7785,63
7786,63
7787,63
7788,63
7789,63
7790,63
7791,63
7792,63
7793,63
7794,63
7795,63
7796,63
7797,63
7798,63
7799,63
7800,63
7801,63
7802,63
7803,63
7804,63
7805,63
7806,63
7807,63
7808,63
7809,63
7810,63
7811,63
7812,63
7813,63
7814,63
7815,63
7816,63
7817,63
7818,63
7819,63
7820,63
7821,63
7822,63
7823,63
7824,63
7825,63
7826,63
7827,63
7828,63
7829,63
7830,63
7831,63
7832,63
7833,63
7834,63
7835,63
7836,63
7837,63
7838,63
7839,63
7840,63
7841,63
7842,63
7843,63
7844,63
7845,63
7846,63
7847,63
7848,63
7849,63
7850,63
7851,63
7852,63
7853,63
7854,63
7855,63
7856,63
7857,63
7858,63
7859,63
7860,63
7861,63
7862,63
7863,63
7864,63
7865,63
7866,63
7867,63
7868,63
7869,63
7870,63
7871,63
7872,63
7873,63
7874,63
7875,63
7876,63
7877,63
7878,63
7879,63
7880,63
7881,63
7882,63
7883,63
7884,63
7885,63
7886,63
7887,63
7888,63
7889,63
7890,63
7891,63
7892,63
7893,63
7894,63
7895,63
7896,63
7897,63
7898,63
7899,63
7900,63
7901,63
7902,63
7903,63
7904,63
7905,63
7906,63
7907,63
7908,63
7909,63
7910,63
7911,63
7912,63
7913,63
7914,63
7915,63
7916,63
7917,63
7918,63
7919,63
7920,63
7921,63
7922,63
7923,63
7924,63
7925,63
7926,63
7927,63
7928,63
7929,63
7930,63
7931,63
7932,63
7933,63
7934,63
7935,63
7936,63
7937,63
7938,63
7939,63
7940,63
7941,63
7942,63
7943,63
7944,63
7945,63
7946,63
7947,63
7948,63
7949,63
7950,63
7951,63
7952,63
7953,63
7954,63
7955,63
7956,63
7957,63
7958,63
7959,63
7960,63
7961,63
7962,63
7963,63
7964,63
7965,63
7966,63
7967,63
7968,63
7969,63
7970,63
7971,63
7972,63
7973,63
7974,63
7975,63
7976,63
7977,63
7978,63
7979,63
7980,63
7981,63
7982,63
7983,63
7984,63
7985,63
7986,63
7987,63
7988,63
7989,63
7990,63
7991,63
7992,63
7993,63
7994,63
7995,63
7996,63
7997,63
7998,63
7999,63
8000,63
8001,63
8002,63
8003,63
8004,63
8005,63
8006,63
8007,63
8008,63
8009,63
8010,63
8011,63
8012,63
8013,63
8014,63
8015,63
8016,63
8017,63
8018,63
8019,63
8020,63
8021,63
8022,63
8023,63
8024,63
8025,63
8026,63
8027,63
8028,63
8029,63
8030,63
8031,63
8032,63
8033,63
8034,63
8035,63
8036,63
8037,63
8038,63
8039,63
8040,63
8041,63
8042,63
8043,63
8044,63
8045,63
8046,63
8047,63
8048,63
8049,63
8050,63
8051,63
8052,63
8053,63
8054,63
8055,63
8056,63
8057,63
8058,63
8059,63
8060,63
8061,63
8062,63
8063,63
8064,63
8065,63
8066,63
8067,63
8068,63
8069,63
8070,63
8071,63
8072,63
8073,63
8074,63
8075,63
8076,63
8077,63
8078,63
8079,63
8080,63
8081,63
8082,63
8083,63
8084,63
8085,63
8086,63
8087,63
8088,63
8089,63
8090,63
8091,63
8092,63
8093,63
8094,63
8095,63
8096,63
8097,63
8098,63
8099,63
8100,63
8101,63
8102,63
8103,63
8104,63
8105,63
8106,63
8107,63
8108,63
8109,63
8110,63
8111,63
8112,63
8113,63
8114,63
8115,63
8116,63
8117,63
8118,63
8119,63
8120,63
8121,63
8122,63
8123,63
8124,63
8125,63
8126,63
8127,63
8128,63
8129,63
8130,63
8131,63
8132,63
8133,63
8134,63
8135,63
8136,63
8137,63
8138,63
8139,63
8140,63
8141,63
8142,63
8143,63
8144,63
8145,63
8146,63
8147,63
8148,63
8149,63
8150,63
8151,63
8152,63
8153,63
8154,63
8155,63
8156,63
8157,63
8158,63
8159,63
8160,63
8161,63
8162,63
8163,63
8164,63
8165,63
8166,63
8167,63
8168,63
8169,63
8170,63
8171,63
8172,63
8173,63
8174,63
8175,63
8176,63
8177,63
8178,63
8179,63
8180,63
8181,63
8182,63
8183,63
8184,63
8185,63
8186,63
8187,63
8188,63
8189,63
8190,63
8191,63
8192,63
8193,63
8194,63
8195,63
8196,63
8197,63
8198,63
8199,63
8200,63
8201,63
8202,63
8203,63
8204,63
8205,63
8206,63
8207,63
8208,63
8209,63
8210,63
8211,63
8212,63
8213,63
8214,63
8215,63
8216,63
8217,63
8218,63
8219,63
8220,63
8221,63
8222,63
8223,63
8224,63
8225,63
8226,63
8227,63
8228,63
8229,63
8230,63
8231,63
8232,63
8233,63
8234,63
8235,63
8236,63
8237,63
8238,63
8239,63
8240,63
8241,63
8242,63
8243,63
8244,63
8245,63
8246,63
8247,63
8248,63
8249,63
8250,63
8251,63
8252,63
8253,63
8254,63
8255,63
8256,63
8257,63
8258,63
8259,63
8260,63
8261,63
8262,63
8263,63
8264,63
8265,63
8266,63
8267,63
8268,63
8269,63
8270,63
8271,63
8272,63
8273,63
8274,63
8275,63
8276,63
8277,63
8278,63
8279,63
8280,63
8281,63
8282,63
8283,63
8284,63
8285,63
8286,63
8287,63
8288,63
8289,63
8290,63
8291,63
8292,63
8293,63
8294,63
8295,63
8296,63
8297,63
8298,63
8299,63
8300,63
8301,63
8302,63
8303,63
8304,63
8305,63
8306,63
8307,63
8308,63
8309,63
8310,63
8311,63
8312,63
8313,63
8314,63
8315,63
8316,63
8317,63
8318,63
8319,63
8320,63
8321,63
8322,63
8323,63
8324,63
8325,63
8326,63
8327,63
8328,63
8329,63
8330,63
8331,63
8332,63
8333,63
8334,63
8335,63
8336,63
8337,63
8338,63
8339,63
8340,63
8341,63
8342,63
8343,63
8344,63
8345,63
8346,63
8347,63
8348,63
8349,63
8350,63
8351,63
8352,63
8353,63
8354,63
8355,63
8356,63
8357,63
8358,63
8359,63
8360,63
8361,63
8362,63
8363,63
8364,63
8365,63
8366,63
8367,63
8368,63
8369,63
8370,63
8371,63
8372,63
8373,63
8374,63
8375,63
8376,63
8377,63
8378,63
8379,63
8380,63
8381,63
8382,63
8383,63
8384,63
8385,63
8386,63
8387,63
8388,63
8389,63
8390,63
8391,63
8392,63
8393,63
8394,63
8395,63
8396,63
8397,63
8398,63
8399,63
8400,63
8401,63
8402,63
8403,63
8404,63
8405,63
8406,63
8407,63
8408,63
8409,63
8410,63
8411,63
8412,63
8413,63
8414,63
8415,63
8416,63
8417,63
8418,63
8419,63
8420,63
8421,63
8422,63
8423,63
8424,63
8425,63
8426,63
8427,63
8428,63
8429,63
8430,63
8431,63
8432,63
8433,63
8434,63
8435,63
8436,63
8437,63
8438,63
8439,63
8440,63
8441,63
8442,63
8443,63
8444,63
8445,63
8446,63
8447,63
8448,63
8449,63
8450,63
8451,63
8452,63
8453,63
8454,63
8455,63
8456,63
8457,63
8458,63
8459,63
8460,63
8461,63
8462,63
8463,63
8464,63
8465,63
8466,63
8467,63
8468,63
8469,63
8470,63
8471,63
8472,63
8473,63
8474,63
8475,63
8476,63
8477,63
8478,63
8479,63
8480,63
8481,63
8482,63
8483,63
8484,63
8485,63
8486,63
8487,63
8488,63
8489,63
8490,63
8491,63
8492,63
8493,63
8494,63
8495,63
8496,63
8497,63
8498,63
8499,63
8500,63
8501,63
8502,63
8503,63
8504,63
8505,63
8506,63
8507,63
8508,63
8509,63
8510,63
8511,63
8512,63
8513,63
8514,63
8515,63
8516,63
8517,63
8518,63
8519,63
8520,63
8521,63
8522,63
8523,63
8524,63
8525,63
8526,63
8527,63
8528,63
8529,63
8530,63
8531,63
8532,63
8533,63
8534,63
8535,63
8536,63
8537,63
8538,63
8539,63
8540,63
8541,63
8542,63
8543,63
8544,63
8545,63
8546,63
8547,63
8548,63
8549,63
8550,63
8551,63
8552,63
8553,63
8554,63
8555,63
8556,63
8557,63
8558,63
8559,63
8560,63
8561,63
8562,63
8563,63
8564,63
8565,63
8566,63
8567,63
8568,63
8569,63
8570,63
8571,63
8572,63
8573,63
8574,63
8575,63
8576,63
8577,63
8578,63
8579,63
8580,63
8581,63
8582,63
8583,63
8584,63
8585,63
8586,63
8587,63
8588,63
8589,63
8590,63
8591,63
8592,63
8593,63
8594,63
8595,63
8596,63
8597,63
8598,63
8599,63
8600,63
8601,63
8602,63
8603,63
8604,63
8605,63
8606,63
8607,63
8608,63
8609,63
8610,63
8611,63
8612,63
8613,63
8614,63
8615,63
8616,63
8617,63
8618,63
8619,63
8620,63
8621,63
8622,63
8623,63
8624,63
8625,63
8626,63
8627,63
8628,63
8629,63
8630,63
8631,63
8632,63
8633,63
8634,63
8635,63
8636,63
8637,63
8638,63
8639,63
8640,63
8641,63
8642,63
8643,63
8644,63
8645,63
8646,63
8647,63
8648,63
8649,63
8650,63
8651,63
8652,63
8653,63
8654,63
8655,63
8656,63
8657,63
8658,63
8659,63
8660,63
8661,63
8662,63
8663,63
8664,63
8665,63
8666,63
8667,63
8668,63
8669,63
8670,63
8671,63
8672,63
8673,63
8674,63
8675,63
8676,63
8677,63
8678,63
8679,63
8680,63
8681,63
8682,63
8683,63
8684,63
8685,63
8686,63
8687,63
8688,63
8689,63
8690,63
8691,63
8692,63
8693,63
8694,63
8695,63
8696,63
8697,63
8698,63
8699,63
8700,63
8701,63
8702,63
8703,63
8704,63
8705,63
8706,63
8707,63
8708,63
8709,63
8710,63
8711,63
8712,63
8713,63
8714,63
8715,63
8716,63
8717,63
8718,63
8719,63
8720,63
8721,63
8722,63
8723,63
8724,63
8725,63
8726,63
8727,63
8728,63
8729,63
8730,63
8731,63
8732,63
8733,63
8734,63
8735,63
8736,63
8737,63
8738,63
8739,63
8740,63
8741,63
8742,63
8743,63
8744,63
8745,63
8746,63
8747,63
8748,63
8749,63
8750,63
8751,63
8752,63
8753,63
8754,63
8755,63
8756,63
8757,63
8758,63
8759,63
8760,63
8761,63
8762,63
8763,63
8764,63
8765,63
8766,63
8767,63
8768,63
8769,63
8770,63
8771,63
8772,63
8773,63
8774,63
8775,63
8776,63
8777,63
8778,63
8779,63
8780,63
8781,63
8782,63
8783,63
8784,63
8785,63
8786,63
8787,63
8788,63
8789,63
8790,63
8791,63
8792,63
8793,63
8794,63
8795,63
8796,63
8797,63
8798,63
8799,63
8800,63
8801,63
8802,63
8803,63
8804,63
8805,63
8806,63
8807,63
8808,63
8809,63
8810,63
8811,63
8812,63
8813,63
8814,63
8815,63
8816,63
8817,63
8818,63
8819,63
8820,63
8821,63
8822,63
8823,63
8824,63
8825,63
8826,63
8827,63
8828,63
8829,63
8830,63
8831,63
8832,63
8833,63
8834,63
8835,63
8836,63
8837,63
8838,63
8839,63
8840,63
8841,63
8842,63
8843,63
8844,63
8845,63
8846,63
8847,63
8848,63
8849,63
8850,63
8851,63
8852,63
8853,63
8854,63
8855,63
8856,63
8857,63
8858,63
8859,63
8860,63
8861,63
8862,63
8863,63
8864,63
8865,63
8866,63
8867,63
8868,63
8869,63
8870,63
8871,63
8872,63
8873,63
8874,63
8875,63
8876,63
8877,63
8878,63
8879,63
8880,63
8881,63
8882,63
8883,63
8884,63
8885,63
8886,63
8887,63
8888,63
8889,63
8890,63
8891,63
8892,63
8893,63
8894,63
8895,63
8896,63
8897,63
8898,63
8899,63
8900,63
8901,63
8902,63
8903,63
8904,63
8905,63
8906,63
8907,63
8908,63
8909,63
8910,63
8911,63
8912,63
8913,63
8914,63
8915,63
8916,63
8917,63
8918,63
8919,63
8920,63
8921,63
8922,63
8923,63
8924,63
8925,63
8926,63
8927,63
8928,63
8929,63
8930,63
8931,63
8932,63
8933,63
8934,63
8935,63
8936,63
8937,63
8938,63
8939,63
8940,63
8941,63
8942,63
8943,63
8944,63
8945,63
8946,63
8947,63
8948,63
8949,63
8950,63
8951,63
8952,63
8953,63
8954,63
8955,63
8956,63
8957,63
8958,63
8959,63
8960,63
8961,63
8962,63
8963,63
8964,63
8965,63
8966,63
8967,63
8968,63
8969,63
8970,63
8971,63
8972,63
8973,63
8974,63
8975,63
8976,63
8977,63
8978,63
8979,63
8980,63
8981,63
8982,63
8983,63
8984,63
8985,63
8986,63
8987,63
8988,63
8989,63
8990,63
8991,63
8992,63
8993,63
8994,63
8995,63
8996,63
8997,63
8998,63
8999,63
9000,63
9001,63
9002,63
9003,63
9004,63
9005,63
9006,63
9007,63
9008,63
9009,63
9010,63
9011,63
9012,63
9013,63
9014,63
9015,63
9016,63
9017,63
9018,63
9019,63
9020,63
9021,63
9022,63
9023,63
9024,63
9025,63
9026,63
9027,63
9028,63
9029,63
9030,63
9031,63
9032,63
9033,63
9034,63
9035,63
9036,63
9037,63
9038,63
9039,63
9040,63
9041,63
9042,63
9043,63
9044,63
9045,63
9046,63
9047,63
9048,63
9049,63
9050,63
9051,63
9052,63
9053,63
9054,63
9055,63
9056,63
9057,63
9058,63
9059,63
9060,63
9061,63
9062,63
9063,63
9064,63
9065,63
9066,63
9067,63
9068,63
9069,63
9070,63
9071,63
9072,63
9073,63
9074,63
9075,63
9076,63
9077,63
9078,63
9079,63
9080,63
9081,63
9082,63
9083,63
9084,63
9085,63
9086,63
9087,63
9088,63
9089,63
9090,63
9091,63
9092,63
9093,63
9094,63
9095,63
9096,63
9097,63
9098,63
9099,63
9100,63
9101,63
9102,63
9103,63
9104,63
9105,63
9106,63
9107,63
9108,63
9109,63
9110,63
9111,63
9112,63
9113,63
9114,63
9115,63
9116,63
9117,63
9118,63
9119,63
9120,63
9121,63
9122,63
9123,63
9124,63
9125,63
9126,63
9127,63
9128,63
9129,63
9130,63
9131,63
9132,63
9133,63
9134,63
9135,63
9136,63
9137,63
9138,63
9139,63
9140,63
9141,63
9142,63
9143,63
9144,63
9145,63
9146,63
9147,63
9148,63
9149,63
9150,63
9151,63
9152,63
9153,63
9154,63
9155,63
9156,63
9157,63
9158,63
9159,63
9160,63
9161,63
9162,63
9163,63
9164,63
9165,63
9166,63
9167,63
9168,63
9169,63
9170,63
9171,63
9172,63
9173,63
9174,63
9175,63
9176,63
9177,63
9178,63
9179,63
9180,63
9181,63
9182,63
9183,63
9184,63
9185,63
9186,63
9187,63
9188,63
9189,63
9190,63
9191,63
9192,63
9193,63
9194,63
9195,63
9196,63
9197,63
9198,63
9199,63
9200,63
9201,63
9202,63
9203,63
9204,63
9205,63
9206,63
9207,63
9208,63
9209,63
9210,63
9211,63
9212,63
9213,63
9214,63
9215,63
9216,63
9217,63
9218,63
9219,63
9220,63
9221,63
9222,63
9223,63
9224,63
9225,63
9226,63
9227,63
9228,63
9229,63
9230,63
9231,63
9232,63
9233,63
9234,63
9235,63
9236,63
9237,63
9238,63
9239,63
9240,63
9241,63
9242,63
9243,63
9244,63
9245,63
9246,63
9247,63
9248,63
9249,63
9250,63
9251,63
9252,63
9253,63
9254,63
9255,63
9256,63
9257,63
9258,63
9259,63
9260,63
9261,63
9262,63
9263,63
9264,63
9265,63
9266,63
9267,63
9268,63
9269,63
9270,63
9271,63
9272,63
9273,63
9274,63
9275,63
9276,63
9277,63
9278,63
9279,63
9280,63
9281,63
9282,63
9283,63
9284,63
9285,63
9286,63
9287,63
9288,63
9289,63
9290,63
9291,63
9292,63
9293,63
9294,63
9295,63
9296,63
9297,63
9298,63
9299,63
9300,63
9301,63
9302,63
9303,63
9304,63
9305,63
9306,63
9307,63
9308,63
9309,63
9310,63
9311,63
9312,63
9313,63
9314,63
9315,63
9316,63
9317,63
9318,63
9319,63
9320,63
9321,63
9322,63
9323,63
9324,63
9325,63
9326,63
9327,63
9328,63
9329,63
9330,63
9331,63
9332,63
9333,63
9334,63
9335,63
9336,63
9337,63
9338,63
9339,63
9340,63
9341,63
9342,63
9343,63
9344,63
9345,63
9346,63
9347,63
9348,63
9349,63
9350,63
9351,63
9352,63
9353,63
9354,63
9355,63
9356,63
9357,63
9358,63
9359,63
9360,63
9361,63
9362,63
9363,63
9364,63
9365,63
9366,63
9367,63
9368,63
9369,63
9370,63
9371,63
9372,63
9373,63
9374,63
9375,63
9376,63
9377,63
9378,63
9379,63
9380,63
9381,63
9382,63
9383,63
9384,63
9385,63
9386,63
9387,63
9388,63
9389,63
9390,63
9391,63
9392,63
9393,63
9394,63
9395,63
9396,63
9397,63
9398,63
9399,63
9400,63
9401,63
9402,63
9403,63
9404,63
9405,63
9406,63
9407,63
9408,63
9409,63
9410,63
9411,63
9412,63
9413,63
9414,63
9415,63
9416,63
9417,63
9418,63
9419,63
9420,63
9421,63
9422,63
9423,63
9424,63
9425,63
9426,63
9427,63
9428,63
9429,63
9430,63
9431,63
9432,63
9433,63
9434,63
9435,63
9436,63
9437,63
9438,63
9439,63
9440,63
9441,63
9442,63
9443,63
9444,63
9445,63
9446,63
9447,63
9448,63
9449,63
9450,63
9451,63
9452,63
9453,63
9454,63
9455,63
9456,63
9457,63
9458,63
9459,63
9460,63
9461,63
9462,63
9463,63
9464,63
9465,63
9466,63
9467,63
9468,63
9469,63
9470,63
9471,63
9472,63
9473,63
9474,63
9475,63
9476,63
9477,63
9478,63
9479,63
9480,63
9481,63
9482,63
9483,63
9484,63
9485,63
9486,63
9487,63
9488,63
9489,63
9490,63
9491,63
9492,63
9493,63
9494,63
9495,63
9496,63
9497,63
9498,63
9499,63
9500,63
9501,63
9502,63
9503,63
9504,63
9505,63
9506,63
9507,63
9508,63
9509,63
9510,63
9511,63
9512,63
9513,63
9514,63
9515,63
9516,63
9517,63
9518,63
9519,63
9520,63
9521,63
9522,63
9523,63
9524,63
9525,63
9526,63
9527,63
9528,63
9529,63
9530,63
9531,63
9532,63
9533,63
9534,63
9535,63
9536,63
9537,63
9538,63
9539,63
9540,63
9541,63
9542,63
9543,63
9544,63
9545,63
9546,63
9547,63
9548,63
9549,63
9550,63
9551,63
9552,63
9553,63
9554,63
9555,63
9556,63
9557,63
9558,63
9559,63
9560,63
9561,63
9562,63
9563,63
9564,63
9565,63
9566,63
9567,63
9568,63
9569,63
9570,63
9571,63
9572,63
9573,63
9574,63
9575,63
9576,63
9577,63
9578,63
9579,63
9580,63
9581,63
9582,63
9583,63
9584,63
9585,63
9586,63
9587,63
9588,63
9589,63
9590,63
9591,63
9592,63
9593,63
9594,63
9595,63
9596,63
9597,63
9598,63
9599,63
9600,63
9601,63
9602,63
9603,63
9604,63
9605,63
9606,63
9607,63
9608,63
9609,63
9610,63
9611,63
9612,63
9613,63
9614,63
9615,63
9616,63
9617,63
9618,63
9619,63
9620,63
9621,63
9622,63
9623,63
9624,63
9625,63
9626,63
9627,63
9628,63
9629,63
9630,63
9631,63
9632,63
9633,63
9634,63
9635,63
9636,63
9637,63
9638,63
9639,63
9640,63
9641,63
9642,63
9643,63
9644,63
9645,63
9646,63
9647,63
9648,63
9649,63
9650,63
9651,63
9652,63
9653,63
9654,63
9655,63
9656,63
9657,63
9658,63
9659,63
9660,63
9661,63
9662,63
9663,63
9664,63
9665,63
9666,63
9667,63
9668,63
9669,63
9670,63
9671,63
9672,63
9673,63
9674,63
9675,63
9676,63
9677,63
9678,63
9679,63
9680,63
9681,63
9682,63
9683,63
9684,63
9685,63
9686,63
9687,63
9688,63
9689,63
9690,63
9691,63
9692,63
9693,63
9694,63
9695,63
9696,63
9697,63
9698,63
9699,63
9700,63
9701,63
9702,63
9703,63
9704,63
9705,63
9706,63
9707,63
9708,63
9709,63
9710,63
9711,63
9712,63
9713,63
9714,63
9715,63
9716,63
9717,63
9718,63
9719,63
9720,63
9721,63
9722,63
9723,63
9724,63
9725,63
9726,63
9727,63
9728,63
9729,63
9730,63
9731,63
9732,63
9733,63
9734,63
9735,63
9736,63
9737,63
9738,63
9739,63
9740,63
9741,63
9742,63
9743,63
9744,63
9745,63
9746,63
9747,63
9748,63
9749,63
9750,63
9751,63
9752,63
9753,63
9754,63
9755,63
9756,63
9757,63
9758,63
9759,63
9760,63
9761,63
9762,63
9763,63
9764,63
9765,63
9766,63
9767,63
9768,63
9769,63
9770,63
9771,63
9772,63
9773,63
9774,63
9775,63
9776,63
9777,63
9778,63
9779,63
9780,63
9781,63
9782,63
9783,63
9784,63
9785,63
9786,63
9787,63
9788,63
9789,63
9790,63
9791,63
9792,63
9793,63
9794,63
9795,63
9796,63
9797,63
9798,63
9799,63
9800,63
9801,63
9802,63
9803,63
9804,63
9805,63
9806,63
9807,63
9808,63
9809,63
9810,63
9811,63
9812,63
9813,63
9814,63
9815,63
9816,63
9817,63
9818,63
9819,63
9820,63
9821,63
9822,63
9823,63
9824,63
9825,63
9826,63
9827,63
9828,63
9829,63
9830,63
9831,63
9832,63
9833,63
9834,63
9835,63
9836,63
9837,63
9838,63
9839,63
9840,63
9841,63
9842,63
9843,63
9844,63
9845,63
9846,63
9847,63
9848,63
9849,63
9850,63
9851,63
9852,63
9853,63
9854,63
9855,63
9856,63
9857,63
9858,63
9859,63
9860,63
9861,63
9862,63
9863,63
9864,63
9865,63
9866,63
9867,63
9868,63
9869,63
9870,63
9871,63
9872,63
9873,63
9874,63
9875,63
9876,63
9877,63
9878,63
9879,63
9880,63
9881,63
9882,63
9883,63
9884,63
9885,63
9886,63
9887,63
9888,63
9889,63
9890,63
9891,63
9892,63
9893,63
9894,63
9895,63
9896,63
9897,63
9898,63
9899,63
9900,63
9901,63
9902,63
9903,63
9904,63
9905,63
9906,63
9907,63
9908,63
9909,63
9910,63
9911,63
9912,63
9913,63
9914,63
9915,63
9916,63
9917,63
9918,63
9919,63
9920,63
9921,63
9922,63
9923,63
9924,63
9925,63
9926,63
9927,63
9928,63
9929,63
9930,63
9931,63
9932,63
9933,63
9934,63
9935,63
9936,63
9937,63
9938,63
9939,63
9940,63
9941,63
9942,63
9943,63
9944,63
9945,63
9946,63
9947,63
9948,63
9949,63
9950,63
9951,63
9952,63
9953,63
9954,63
9955,63
9956,63
9957,63
9958,63
9959,63
9960,63
9961,63
9962,63
9963,63
9964,63
9965,63
9966,63
9967,63
9968,63
9969,63
9970,63
9971,63
9972,63
9973,63
9974,63
9975,63
9976,63
9977,63
9978,63
9979,63
9980,63
9981,63
9982,63
9983,63
9984,63
9985,63
9986,63
9987,63
9988,63
9989,63
9990,63
9991,63
9992,63
9993,63
9994,63
9995,63
9996,63
9997,63
9998,63
9999,63
10000,63
10001,63
10002,63
10003,63
10004,63
10005,63
10006,63
10007,63
10008,63
10009,63
10010,63
10011,63
10012,63
10013,63
10014,63
10015,63
10016,63
10017,63
10018,63
10019,63
10020,63
10021,63
10022,63
10023,63
10024,63
10025,63
10026,63
10027,63
10028,63
10029,63
10030,63
10031,63
10032,63
10033,63
10034,63
10035,63
10036,63
10037,63
10038,63
10039,63
10040,63
10041,63
10042,63
10043,63
10044,63
10045,63
10046,63
10047,63
10048,63
10049,63
10050,63
10051,63
10052,63
10053,63
10054,63
10055,63
10056,63
10057,63
10058,63
10059,63
10060,63
10061,63
10062,63
10063,63
10064,63
10065,63
10066,63
10067,63
10068,63
10069,63
10070,63
10071,63
10072,63
10073,63
10074,63
10075,63
10076,63
10077,63
10078,63
10079,63
10080,63
10081,63
10082,63
10083,63
10084,63
10085,63
10086,63
10087,63
10088,63
10089,63
10090,63
10091,63
10092,63
10093,63
10094,63
10095,63
10096,63
10097,63
10098,63
10099,63
10100,63
10101,63
10102,63
10103,63
10104,63
10105,63
10106,63
10107,63
10108,63
10109,63
10110,63
10111,63
10112,63
10113,63
10114,63
10115,63
10116,63
10117,63
10118,63
10119,63
10120,63
10121,63
10122,63
10123,63
10124,63
10125,63
10126,63
10127,63
10128,63
10129,63
10130,63
10131,63
10132,63
10133,63
10134,63
10135,63
10136,63
10137,63
10138,63
10139,63
10140,63
10141,63
10142,63
10143,63
10144,63
10145,63
10146,63
10147,63
10148,63
10149,63
10150,63
10151,63
10152,63
10153,63
10154,63
10155,63
10156,63
10157,63
10158,63
10159,63
10160,63
10161,63
10162,63
10163,63
10164,63
10165,63
10166,63
10167,63
10168,63
10169,63
10170,63
10171,63
10172,63
10173,63
10174,63
10175,63
10176,63
10177,63
10178,63
10179,63
10180,63
10181,63
10182,63
10183,63
10184,63
10185,63
10186,63
10187,63
10188,63
10189,63
10190,63
10191,63
10192,63
10193,63
10194,63
10195,63
10196,63
10197,63
10198,63
10199,63
10200,63
10201,63
10202,63
10203,63
10204,63
10205,63
10206,63
10207,63
10208,63
10209,63
10210,63
10211,63
10212,63
10213,63
10214,63
10215,63
10216,63
10217,63
10218,63
10219,63
10220,63
10221,63
10222,63
10223,63
10224,63
10225,63
10226,63
10227,63
10228,63
10229,63
10230,63
10231,63
10232,63
10233,63
10234,63
10235,63
10236,63
10237,63
10238,63
10239,63
10240,63
10241,63
10242,63
10243,63
10244,63
10245,63
10246,63
10247,63
10248,63
10249,63
10250,63
10251,63
10252,63
10253,63
10254,63
10255,63
10256,63
10257,63
10258,63
10259,63
10260,63
10261,63
10262,63
10263,63
10264,63
10265,63
10266,63
10267,63
10268,63
10269,63
10270,63
10271,63
10272,63
10273,63
10274,63
10275,63
10276,63
10277,63
10278,63
10279,63
10280,63
10281,63
10282,63
10283,63
10284,63
10285,63
10286,63
10287,63
10288,63
10289,63
10290,63
10291,63
10292,63
10293,63
10294,63
10295,63
10296,63
10297,63
10298,63
10299,63
10300,63
10301,63
10302,63
10303,63
10304,63
10305,63
10306,63
10307,63
10308,63
10309,63
10310,63
10311,63
10312,63
10313,63
10314,63
10315,63
10316,63
10317,63
10318,63
10319,63
10320,63
10321,63
10322,63
10323,63
10324,63
10325,63
10326,63
10327,63
10328,63
10329,63
10330,63
10331,63
10332,63
10333,63
10334,63
10335,63
10336,63
10337,63
10338,63
10339,63
10340,63
10341,63
10342,63
10343,63
10344,63
10345,63
10346,63
10347,63
10348,63
10349,63
10350,63
10351,63
10352,63
10353,63
10354,63
10355,63
10356,63
10357,63
10358,63
10359,63
10360,63
10361,63
10362,63
10363,63
10364,63
10365,63
10366,63
10367,63
10368,63
10369,63
10370,63
10371,63
10372,63
10373,63
10374,63
10375,63
10376,63
10377,63
10378,63
10379,63
10380,63
10381,63
10382,63
10383,63
10384,63
10385,63
10386,63
10387,63
10388,63
10389,63
10390,63
10391,63
10392,63
10393,63
10394,63
10395,63
10396,63
10397,63
10398,63
10399,63
10400,63
10401,63
10402,63
10403,63
10404,63
10405,63
10406,63
10407,63
10408,63
10409,63
10410,63
10411,63
10412,63
10413,63
10414,63
10415,63
10416,63
10417,63
10418,63
10419,63
10420,63
10421,63
10422,63
10423,63
10424,63
10425,63
10426,63
10427,63
10428,63
10429,63
10430,63
10431,63
10432,63
10433,63
10434,63
10435,63
10436,63
10437,63
10438,63
10439,63
10440,63
10441,63
10442,63
10443,63
10444,63
10445,63
10446,63
10447,63
10448,63
10449,63
10450,63
10451,63
10452,63
10453,63
10454,63
10455,63
10456,63
10457,63
10458,63
10459,63
10460,63
10461,63
10462,63
10463,63
10464,63
10465,63
10466,63
10467,63
10468,63
10469,63
10470,63
10471,63
10472,63
10473,63
10474,63
10475,63
10476,63
10477,63
10478,63
10479,63
10480,63
10481,63
10482,63
10483,63
10484,63
10485,63
10486,63
10487,63
10488,63
10489,63
10490,63
10491,63
10492,63
10493,63
10494,63
10495,63
10496,63
10497,63
10498,63
10499,63
10500,63
10501,63
10502,63
10503,63
10504,63
10505,63
10506,63
10507,63
10508,63
10509,63
10510,63
10511,63
10512,63
10513,63
10514,63
10515,63
10516,63
10517,63
10518,63
10519,63
10520,63
10521,63
10522,63
10523,63
10524,63
10525,63
10526,63
10527,63
10528,63
10529,63
10530,63
10531,63
10532,63
10533,63
10534,63
10535,63
10536,63
10537,63
10538,63
10539,63
10540,63
10541,63
10542,63
10543,63
10544,63
10545,63
10546,63
10547,63
10548,63
10549,63
10550,63
10551,63
10552,63
10553,63
10554,63
10555,63
10556,63
10557,63
10558,63
10559,63
10560,63
10561,63
10562,63
10563,63
10564,63
10565,63
10566,63
10567,63
10568,63
10569,63
10570,63
10571,63
10572,63
10573,63
10574,63
10575,63
10576,63
10577,63
10578,63
10579,63
10580,63
10581,63
10582,63
10583,63
10584,63
10585,63
10586,63
10587,63
10588,63
10589,63
10590,63
10591,63
10592,63
10593,63
10594,63
10595,63
10596,63
10597,63
10598,63
10599,63
10600,63
10601,63
10602,63
10603,63
10604,63
10605,63
10606,63
10607,63
10608,63
10609,63
10610,63
10611,63
10612,63
10613,63
10614,63
10615,63
10616,63
10617,63
10618,63
10619,63
10620,63
10621,63
10622,63
10623,63
10624,63
10625,63
10626,63
10627,63
10628,63
10629,63
10630,63
10631,63
10632,63
10633,63
10634,63
10635,63
10636,63
10637,63
10638,63
10639,63
10640,63
10641,63
10642,63
10643,63
10644,63
10645,63
10646,63
10647,63
10648,63
10649,63
10650,63
10651,63
10652,63
10653,63
10654,63
10655,63
10656,63
10657,63
10658,63
10659,63
10660,63
10661,63
10662,63
10663,63
10664,63
10665,63
10666,63
10667,63
10668,63
10669,63
10670,63
10671,63
10672,63
10673,63
10674,63
10675,63
10676,63
10677,63
10678,63
10679,63
10680,63
10681,63
10682,63
10683,63
10684,63
10685,63
10686,63
10687,63
10688,63
10689,63
10690,63
10691,63
10692,63
10693,63
10694,63
10695,63
10696,63
10697,63
10698,63
10699,63
10700,63
10701,63
10702,63
10703,63
10704,63
10705,63
10706,63
10707,63
10708,63
10709,63
10710,63
10711,63
10712,63
10713,63
10714,63
10715,63
10716,63
10717,63
10718,63
10719,63
10720,63
10721,63
10722,63
10723,63
10724,63
10725,63
10726,63
10727,63
10728,63
10729,63
10730,63
10731,63
10732,63
10733,63
10734,63
10735,63
10736,63
10737,63
10738,63
10739,63
10740,63
10741,63
10742,63
10743,63
10744,63
10745,63
10746,63
10747,63
10748,63
10749,63
10750,63
10751,63
10752,63
10753,63
10754,63
10755,63
10756,63
10757,63
10758,63
10759,63
10760,63
10761,63
10762,63
10763,63
10764,63
10765,63
10766,63
10767,63
10768,63
10769,63
10770,63
10771,63
10772,63
10773,63
10774,63
10775,63
10776,63
10777,63
10778,63
10779,63
10780,63
10781,63
10782,63
10783,63
10784,63
10785,63
10786,63
10787,63
10788,63
10789,63
10790,63
10791,63
10792,63
10793,63
10794,63
10795,63
10796,63
10797,63
10798,63
10799,63
10800,63
10801,63
10802,63
10803,63
10804,63
10805,63
10806,63
10807,63
10808,63
10809,63
10810,63
10811,63
10812,63
10813,63
10814,63
10815,63
10816,63
10817,63
10818,63
10819,63
10820,63
10821,63
10822,63
10823,63
10824,63
10825,63
10826,63
10827,63
10828,63
10829,63
10830,63
10831,63
10832,63
10833,63
10834,63
10835,63
10836,63
10837,63
10838,63
10839,63
10840,63
10841,63
10842,63
10843,63
10844,63
10845,63
10846,63
10847,63
10848,63
10849,63
10850,63
10851,63
10852,63
10853,63
10854,63
10855,63
10856,63
10857,63
10858,63
10859,63
10860,63
10861,63
10862,63
10863,63
10864,63
10865,63
10866,63
10867,63
10868,63
10869,63
10870,63
10871,63
10872,63
10873,63
10874,63
10875,63
10876,63
10877,63
10878,63
10879,63
10880,63
10881,63
10882,63
10883,63
10884,63
10885,63
10886,63
10887,63
10888,63
10889,63
10890,63
10891,63
10892,63
10893,63
10894,63
10895,63
10896,63
10897,63
10898,63
10899,63
10900,63
10901,63
10902,63
10903,63
10904,63
10905,63
10906,63
10907,63
10908,63
10909,63
10910,63
10911,63
10912,63
10913,63
10914,63
10915,63
10916,63
10917,63
10918,63
10919,63
10920,63
10921,63
10922,63
10923,63
10924,63
10925,63
10926,63
10927,63
10928,63
10929,63
10930,63
10931,63
10932,63
10933,63
10934,63
10935,63
10936,63
10937,63
10938,63
10939,63
10940,63
10941,63
10942,63
10943,63
10944,63
10945,63
10946,63
10947,63
10948,63
10949,63
10950,63
10951,63
10952,63
10953,63
10954,63
10955,63
10956,63
10957,63
10958,63
10959,63
10960,63
10961,63
10962,63
10963,63
10964,63
10965,63
10966,63
10967,63
10968,63
10969,63
10970,63
10971,63
10972,63
10973,63
10974,63
10975,63
10976,63
10977,63
10978,63
10979,63
10980,63
10981,63
10982,63
10983,63
10984,63
10985,63
10986,63
10987,63
10988,63
10989,63
10990,63
10991,63
10992,63
10993,63
10994,63
10995,63
10996,63
10997,63
10998,63
10999,63
