0,64
1,63
2,62
3,61
4,61
5,61
6,61
7,61
8,61
9,61
10,61
11,61
12,60
13,60
14,60
15,60
16,60
17,60
18,60
19,60
20,60
21,60
22,60
23,60
24,59
25,59
26,59
27,58
28,58
29,58
30,58
31,58
32,58
33,58
34,58
35,58
36,58
37,58
38,58
39,58
40,58
41,58
42,58
43,58
44,58
45,58
46,58
47,57
48,57
49,57
50,56
51,56
52,56
53,56
54,56
55,56
56,56
57,56
58,56
59,56
60,56
61,56
62,56
63,55
64,55
65,55
66,55
67,55
68,55
69,55
70,55
71,55
72,55
73,55
74,55
75,55
76,55
77,54
78,54
79,54
80,54
81,54
82,54
83,54
84,54
85,54
86,54
87,54
88,54
89,53
90,53
91,53
92,53
93,53
94,53
95,53
96,53
97,53
98,53
99,53
100,53
101,53
102,53
103,53
104,52
105,52
106,52
107,52
108,52
109,52
110,52
111,52
112,52
113,52
114,52
115,51
116,51
117,51
118,51
119,51
120,51
121,51
122,51
123,51
124,51
125,51
126,51
127,51
128,51
129,51
130,51
131,51
132,51
133,51
134,51
135,51
136,51
137,51
138,51
139,51
140,50
141,50
142,50
143,50
144,50
145,50
146,50
147,50
148,50
149,50
150,50
151,50
152,50
153,50
154,50
155,50
156,50
157,50
158,49
159,49
160,49
161,48
162,48
163,48
164,48
165,48
166,48
167,48
168,48
169,48
170,48
171,48
172,48
173,48
174,48
175,48
176,48
177,48
178,48
179,48
180,48
181,48
182,48
183,48
184,48
185,48
186,48
187,48
188,48
189,48
190,48
191,48
192,48
193,48
194,48
195,48
196,48
197,48
198,48
199,48
200,47
201,47
202,47
203,47
204,47
205,47
206,46
207,46
208,46
209,46
210,46
211,46
212,46
213,46
214,46
215,46
216,46
217,45
218,45
219,45
220,45
221,45
222,45
223,45
224,45
225,45
226,45
227,45
228,45
229,44
230,44
231,44
232,44
233,44
234,44
235,44
236,44
237,44
238,44
239,44
240,44
241,44
242,44
243,44
244,44
245,44
246,44
247,44
248,44
249,44
250,44
251,44
252,44
253,44
254,44
255,44
256,44
257,44
258,44
259,44
260,44
261,44
262,44
263,44
264,44
265,44
266,44
267,44
268,44
269,44
270,44
271,44
272,44
273,44
274,44
275,44
276,44
277,44
278,44
279,44
280,44
281,44
282,44
283,44
284,44
285,44
286,44
287,44
288,44
289,44
290,44
291,44
292,44
293,44
294,44
295,44
296,43
297,43
298,43
299,43
300,43
301,43
302,43
303,43
304,43
305,43
306,43
307,43
308,43
309,43
310,43
311,43
312,43
313,43
314,43
315,43
316,43
317,43
318,43
319,43
320,43
321,43
322,43
323,43
324,43
325,43
326,43
327,43
328,43
329,43
330,43
331,43
332,43
333,43
334,43
335,43
336,43
337,43
338,43
339,43
340,43
341,43
342,43
343,43
344,43
345,43
346,43
347,43
348,43
349,43
350,43
351,43
352,43
353,43
354,43
355,43
356,43
357,43
358,43
359,43
360,43
361,43
362,43
363,43
364,43
365,43
366,43
367,43
368,43
369,43
370,43
371,43
372,43
373,43
374,43
375,43
376,43
377,43
378,43
379,43
380,43
381,43
382,43
383,43
384,43
385,43
386,43
387,43
388,43
389,43
390,43
391,43
392,43
393,43
394,43
395,43
396,43
397,43
398,43
399,43
400,43
401,43
402,43
403,43
404,43
405,43
406,43
407,43
408,43
409,43
410,43
411,43
412,43
413,43
414,43
415,43
416,43
417,43
418,43
419,43
420,43
421,43
422,43
423,43
424,43
425,43
426,43
427,43
428,43
429,43
430,43
431,43
432,43
433,43
434,43
435,43
436,43
437,43
438,43
439,43
440,43
441,43
442,43
443,43
444,43
445,43
446,43
447,43
448,43
449,43
450,43
451,43
452,43
453,43
454,43
455,43
456,43
457,43
458,43
459,43
460,43
461,43
462,43
463,43
464,43
465,43
466,43
467,43
468,43
469,43
470,43
471,43
472,43
473,43
474,43
475,43
476,43
477,43
478,43
479,43
480,43
481,43
482,43
483,43
484,43
485,43
486,43
487,43
488,43
489,43
490,43
491,43
492,43
493,43
494,43
495,43
496,43
497,43
498,43
499,43
500,43
501,43
502,43
503,43
504,43
505,43
506,43
507,43
508,43
509,43
510,43
511,43
512,43
513,43
514,43
515,43
516,43
517,43
518,43
519,43
520,43
521,43
522,43
523,43
524,43
525,43
526,43
527,43
528,43
529,43
530,43
531,43
532,43
533,43
534,43
535,43
536,43
537,43
538,43
539,43
540,43
541,43
542,43
543,43
544,43
545,43
546,43
547,43
548,43
549,43
550,43
551,43
552,43
553,43
554,43
555,43
556,43
557,43
558,43
559,43
560,43
561,43
562,43
563,43
564,43
565,43
566,43
567,43
568,43
569,43
570,43
571,43
572,43
573,43
574,43
575,43
576,43
577,43
578,43
579,43
580,43
581,43
582,43
583,43
584,43
585,43
586,43
587,43
588,43
589,43
590,43
591,43
592,43
593,43
594,43
595,43
596,43
597,43
598,43
599,43
600,43
601,43
602,43
603,43
604,43
605,43
606,43
607,43
608,43
609,43
610,43
611,43
612,43
613,43
614,43
615,43
616,43
617,43
618,43
619,43
620,43
621,43
622,43
623,43
624,43
625,43
626,43
627,43
628,43
629,43
630,43
631,43
632,43
633,43
634,43
635,43
636,43
637,43
638,43
639,43
640,43
641,43
642,43
643,43
644,43
645,43
646,43
647,43
648,43
649,43
650,43
651,43
652,43
653,43
654,43
655,43
656,43
657,43
658,43
659,43
660,43
661,43
662,43
663,43
664,43
665,43
666,43
667,43
668,43
669,43
670,43
671,43
672,43
673,43
674,43
675,43
676,43
677,43
678,43
679,43
680,43
681,43
682,43
683,43
684,43
685,43
686,43
687,43
688,43
689,43
690,43
691,43
692,43
693,43
694,43
695,43
696,43
697,43
698,43
699,43
700,43
701,43
702,43
703,43
704,43
705,43
706,43
707,43
708,43
709,43
710,43
711,43
712,43
713,43
714,43
715,43
716,43
717,43
718,43
719,43
720,43
721,43
722,43
723,43
724,43
725,43
726,43
727,43
728,43
729,43
730,43
731,43
732,43
733,43
734,43
735,43
736,43
737,43
738,43
739,43
740,43
741,43
742,43
743,43
744,43
745,43
746,43
747,43
748,43
749,43
750,43
751,43
752,43
753,43
754,43
755,43
756,43
757,43
758,43
759,43
760,43
761,43
762,43
763,43
764,43
765,43
766,43
767,43
768,43
769,43
770,43
771,43
772,43
773,43
774,43
775,43
776,43
777,43
778,43
779,43
780,43
781,43
782,43
783,43
784,43
785,43
786,43
787,43
788,43
789,43
790,43
791,43
792,43
793,43
794,43
795,43
796,43
797,43
798,43
799,43
800,43
801,43
802,43
803,43
804,43
805,43
806,43
807,43
808,43
809,43
810,43
811,43
812,43
813,43
814,43
815,43
816,43
817,43
818,43
819,43
820,43
821,43
822,43
823,43
824,43
825,43
826,43
827,43
828,43
829,43
830,43
831,43
832,43
833,43
834,43
835,43
836,43
837,43
838,43
839,43
840,43
841,43
842,43
843,43
844,43
845,43
846,43
847,43
848,43
849,43
850,43
851,43
852,43
853,43
854,43
855,43
856,43
857,43
858,43
859,43
860,43
861,43
862,43
863,43
864,43
865,43
866,43
867,43
868,43
869,43
870,43
871,43
872,43
873,43
874,43
875,43
876,43
877,43
878,43
879,43
880,43
881,43
882,43
883,43
884,43
885,43
886,43
887,43
888,43
889,43
890,43
891,43
892,43
893,43
894,43
895,43
896,43
897,43
898,43
899,43
900,43
901,43
902,43
903,43
904,43
905,43
906,43
907,43
908,43
909,43
910,43
911,43
912,43
913,43
914,43
915,43
916,43
917,43
918,43
919,43
920,43
921,43
922,43
923,43
924,43
925,43
926,43
927,43
928,43
929,43
930,43
931,43
932,43
933,43
934,43
935,43
936,43
937,43
938,43
939,43
940,43
941,43
942,43
943,43
944,43
945,43
946,43
947,43
948,43
949,43
950,43
951,43
952,43
953,43
954,43
955,43
956,43
957,43
958,43
959,43
960,43
961,43
962,43
963,43
964,43
965,43
966,43
967,43
968,43
969,43
970,43
971,43
972,43
973,43
974,43
975,43
976,43
977,43
978,43
979,43
980,43
981,43
982,43
983,43
984,43
985,43
986,43
987,43
988,43
989,43
990,43
991,43
992,43
993,43
994,43
995,43
996,43
997,43
998,43
999,43
1000,43
1001,43
1002,43
1003,43
1004,43
1005,43
1006,43
1007,43
1008,43
1009,43
1010,43
1011,43
1012,43
1013,43
1014,43
1015,43
1016,43
1017,43
1018,43
1019,43
1020,43
1021,43
1022,43
1023,43
1024,43
1025,43
1026,43
1027,43
1028,43
1029,43
1030,43
1031,43
1032,43
1033,43
1034,43
1035,43
1036,43
1037,43
1038,43
1039,43
1040,43
1041,43
1042,43
1043,43
1044,43
1045,43
1046,43
1047,43
1048,43
1049,43
1050,43
1051,43
1052,43
1053,43
1054,43
1055,43
1056,43
1057,43
1058,43
1059,43
1060,43
1061,43
1062,43
1063,43
1064,43
1065,43
1066,43
1067,43
1068,43
1069,43
1070,43
1071,43
1072,43
1073,43
1074,43
1075,43
1076,43
1077,43
1078,43
1079,43
1080,43
1081,43
1082,43
1083,43
1084,43
1085,43
1086,43
1087,43
1088,43
1089,43
1090,43
1091,43
1092,43
1093,43
1094,43
1095,43
1096,43
1097,43
1098,43
1099,43
1100,43
1101,43
1102,43
1103,43
1104,43
1105,43
1106,43
1107,43
1108,43
1109,43
1110,43
1111,43
1112,43
1113,43
1114,43
1115,43
1116,43
1117,43
1118,43
1119,43
1120,43
1121,43
1122,43
1123,43
1124,43
1125,43
1126,43
1127,43
1128,43
1129,43
1130,43
1131,43
1132,43
1133,43
1134,43
1135,43
1136,43
1137,43
1138,43
1139,43
1140,43
1141,43
1142,43
1143,43
1144,43
1145,43
1146,43
1147,43
1148,43
1149,43
1150,43
1151,43
1152,43
1153,43
1154,43
1155,43
1156,43
1157,43
1158,43
1159,43
1160,43
1161,43
1162,43
1163,43
1164,43
1165,43
1166,43
1167,43
1168,43
1169,43
1170,43
1171,43
1172,43
1173,43
1174,43
1175,43
1176,43
1177,43
1178,43
1179,43
1180,43
1181,43
1182,43
1183,43
1184,43
1185,43
1186,43
1187,43
1188,43
1189,43
1190,43
1191,43
1192,43
1193,43
1194,43
1195,43
1196,43
1197,43
1198,43
1199,43
1200,43
1201,43
1202,43
1203,43
1204,43
1205,43
1206,43
1207,43
1208,43
1209,43
1210,43
1211,43
1212,43
1213,43
1214,43
1215,43
1216,43
1217,43
1218,43
1219,43
1220,43
1221,43
1222,43
1223,43
1224,43
1225,43
1226,43
1227,43
1228,43
1229,43
1230,43
1231,43
1232,43
1233,43
1234,43
1235,43
1236,43
1237,43
1238,43
1239,43
1240,43
1241,43
1242,43
1243,43
1244,43
1245,43
1246,43
1247,43
1248,43
1249,43
1250,43
1251,43
1252,43
1253,43
1254,43
1255,43
1256,43
1257,43
1258,43
1259,43
1260,43
1261,43
1262,43
1263,43
1264,43
1265,43
1266,43
1267,43
1268,43
1269,43
1270,43
1271,43
1272,43
1273,43
1274,43
1275,43
1276,43
1277,43
1278,43
1279,43
1280,43
1281,43
1282,43
1283,43
1284,43
1285,43
1286,43
1287,43
1288,43
1289,43
1290,43
1291,43
1292,43
1293,43
1294,43
1295,43
1296,43
1297,43
1298,43
1299,43
1300,43
1301,43
1302,43
1303,43
1304,43
1305,43
1306,43
1307,43
1308,43
1309,43
1310,43
1311,43
1312,43
1313,43
1314,43
1315,43
1316,43
1317,43
1318,43
1319,43
1320,43
1321,43
1322,43
1323,43
1324,43
1325,43
1326,43
1327,43
1328,43
1329,43
1330,43
1331,43
1332,43
1333,43
1334,43
1335,43
1336,43
1337,43
1338,43
1339,43
1340,43
1341,43
1342,43
1343,43
1344,43
1345,43
1346,43
1347,43
1348,43
1349,43
1350,43
1351,43
1352,43
1353,43
1354,43
1355,43
1356,43
1357,43
1358,43
1359,43
1360,43
1361,43
1362,43
1363,43
1364,43
1365,43
1366,43
1367,43
1368,43
1369,43
1370,43
1371,43
1372,43
1373,43
1374,43
1375,43
1376,43
1377,43
1378,43
1379,43
1380,43
1381,43
1382,43
1383,43
1384,43
1385,43
1386,43
1387,43
1388,43
1389,43
1390,43
1391,43
1392,43
1393,43
1394,43
1395,43
1396,43
1397,43
1398,43
1399,43
1400,43
1401,43
1402,43
1403,43
1404,43
1405,43
1406,43
1407,43
1408,43
1409,43
1410,43
1411,43
1412,43
1413,43
1414,43
1415,43
1416,43
1417,43
1418,43
1419,43
1420,43
1421,43
1422,43
1423,43
1424,43
1425,43
1426,43
1427,43
1428,43
1429,43
1430,43
1431,43
1432,43
1433,43
1434,43
1435,43
1436,43
1437,43
1438,43
1439,43
1440,43
1441,43
1442,43
1443,43
1444,43
1445,43
1446,43
1447,43
1448,43
1449,43
1450,43
1451,43
1452,43
1453,43
1454,43
1455,43
1456,43
1457,43
1458,43
1459,43
1460,43
1461,43
1462,43
1463,43
1464,43
1465,43
1466,43
1467,43
1468,43
1469,43
1470,43
1471,43
1472,43
1473,43
1474,43
1475,43
1476,43
1477,43
1478,43
1479,43
1480,43
1481,43
1482,43
1483,43
1484,43
1485,43
1486,43
1487,43
1488,43
1489,43
1490,43
1491,43
1492,43
1493,43
1494,43
1495,43
1496,43
1497,43
1498,43
1499,43
1500,43
1501,43
1502,43
1503,43
1504,43
1505,43
1506,43
1507,43
1508,43
1509,43
1510,43
1511,43
1512,43
1513,43
1514,43
1515,43
1516,43
1517,43
1518,43
1519,43
1520,43
1521,43
1522,43
1523,43
1524,43
1525,43
1526,43
1527,43
1528,43
1529,43
1530,43
1531,43
1532,43
1533,43
1534,43
1535,43
1536,43
1537,43
1538,43
1539,43
1540,43
1541,43
1542,43
1543,43
1544,43
1545,43
1546,43
1547,43
1548,43
1549,43
1550,43
1551,43
1552,43
1553,43
1554,43
1555,43
1556,43
1557,43
1558,43
1559,43
1560,43
1561,43
1562,43
1563,43
1564,43
1565,43
1566,43
1567,43
1568,43
1569,43
1570,43
1571,43
1572,43
1573,43
1574,43
1575,43
1576,43
1577,43
1578,43
1579,43
1580,43
1581,43
1582,43
1583,43
1584,43
1585,43
1586,43
1587,43
1588,43
1589,43
1590,43
1591,43
1592,43
1593,43
1594,43
1595,43
1596,43
1597,43
1598,43
1599,43
1600,43
1601,43
1602,43
1603,43
1604,43
1605,43
1606,43
1607,43
1608,43
1609,43
1610,43
1611,43
1612,43
1613,43
1614,43
1615,43
1616,43
1617,43
1618,43
1619,43
1620,43
1621,43
1622,43
1623,43
1624,43
1625,43
1626,43
1627,43
1628,43
1629,43
1630,43
1631,43
1632,43
1633,43
1634,43
1635,43
1636,43
1637,43
1638,43
1639,43
1640,43
1641,43
1642,43
1643,43
1644,43
1645,43
1646,43
1647,43
1648,43
1649,43
1650,43
1651,43
1652,43
1653,43
1654,43
1655,43
1656,43
1657,43
1658,43
1659,43
1660,43
1661,43
1662,43
1663,43
1664,43
1665,43
1666,43
1667,43
1668,43
1669,43
1670,43
1671,43
1672,43
1673,43
1674,43
1675,43
1676,43
1677,43
1678,43
1679,43
1680,43
1681,43
1682,43
1683,43
1684,43
1685,43
1686,43
1687,43
1688,43
1689,43
1690,43
1691,43
1692,43
1693,43
1694,43
1695,43
1696,43
1697,43
1698,43
1699,43
1700,43
1701,43
1702,43
1703,43
1704,43
1705,43
1706,43
1707,43
1708,43
1709,43
1710,43
1711,43
1712,43
1713,43
1714,43
1715,43
1716,43
1717,43
1718,43
1719,43
1720,43
1721,43
1722,43
1723,43
1724,43
1725,43
1726,43
1727,43
1728,43
1729,43
1730,43
1731,43
1732,43
1733,43
1734,43
1735,43
1736,43
1737,43
1738,43
1739,43
1740,43
1741,43
1742,43
1743,43
1744,43
1745,43
1746,43
1747,43
1748,43
1749,43
1750,43
1751,43
1752,43
1753,43
1754,43
1755,43
1756,43
1757,43
1758,43
1759,43
1760,43
1761,43
1762,43
1763,43
1764,43
1765,43
1766,43
1767,43
1768,43
1769,43
1770,43
1771,43
1772,43
1773,43
1774,43
1775,43
1776,43
1777,43
1778,43
1779,43
1780,43
1781,43
1782,43
1783,43
1784,43
1785,43
1786,43
1787,43
1788,43
1789,43
1790,43
1791,43
1792,43
1793,43
1794,43
1795,43
1796,43
1797,43
1798,43
1799,43
1800,43
1801,43
1802,43
1803,43
1804,43
1805,43
1806,43
1807,43
1808,43
1809,43
1810,43
1811,43
1812,42
1813,42
1814,42
1815,42
1816,42
1817,42
1818,42
1819,42
1820,42
1821,42
1822,42
1823,42
1824,42
1825,42
1826,42
1827,42
1828,42
1829,42
1830,42
1831,42
1832,42
1833,42
1834,42
1835,42
1836,42
1837,42
1838,42
1839,42
1840,42
1841,42
1842,42
1843,42
1844,42
1845,42
1846,42
1847,42
1848,42
1849,42
1850,42
1851,42
1852,42
1853,42
1854,42
1855,42
1856,42
1857,42
1858,42
1859,42
1860,42
1861,42
1862,42
1863,42
1864,42
1865,42
1866,42
1867,42
1868,42
1869,42
1870,42
1871,42
1872,42
1873,42
1874,42
1875,42
1876,42
1877,42
1878,42
1879,42
1880,42
1881,42
1882,42
1883,42
1884,42
1885,42
1886,42
1887,42
1888,42
1889,42
1890,42
1891,42
1892,42
1893,42
1894,42
1895,42
1896,42
1897,42
1898,42
1899,42
1900,42
1901,42
1902,42
1903,42
1904,42
1905,42
1906,42
1907,42
1908,42
1909,42
1910,42
1911,42
1912,42
1913,42
1914,42
1915,42
1916,42
1917,42
1918,42
1919,42
1920,42
1921,42
1922,42
1923,42
1924,42
1925,42
1926,42
1927,42
1928,42
1929,42
1930,42
1931,42
1932,42
1933,42
1934,42
1935,42
1936,42
1937,42
1938,42
1939,42
1940,42
1941,42
1942,42
1943,42
1944,42
1945,42
1946,42
1947,42
1948,42
1949,42
1950,42
1951,42
1952,42
1953,42
1954,42
1955,42
1956,42
1957,42
1958,42
1959,42
1960,42
1961,42
1962,42
1963,42
1964,42
1965,42
1966,42
1967,42
1968,42
1969,42
1970,42
1971,42
1972,42
1973,42
1974,42
1975,42
1976,42
1977,42
1978,42
1979,42
1980,42
1981,42
1982,42
1983,42
1984,42
1985,42
1986,42
1987,42
1988,42
1989,42
1990,42
1991,42
1992,42
1993,42
1994,42
1995,42
1996,42
1997,42
1998,42
1999,42
2000,42
2001,42
2002,42
2003,42
2004,42
2005,42
2006,42
2007,42
2008,42
2009,42
2010,42
2011,42
2012,42
2013,42
2014,42
2015,42
2016,42
2017,42
2018,42
2019,42
2020,42
2021,42
2022,42
2023,42
2024,42
2025,42
2026,42
2027,42
2028,42
2029,42
2030,42
2031,42
2032,42
2033,42
2034,42
2035,42
2036,42
2037,42
2038,42
2039,42
2040,42
2041,42
2042,42
2043,42
2044,42
2045,42
2046,42
2047,42
2048,42
2049,42
2050,42
2051,42
2052,42
2053,42
2054,42
2055,42
2056,42
2057,42
2058,42
2059,42
2060,42
2061,42
2062,42
2063,42
2064,42
2065,42
2066,42
2067,42
2068,42
2069,42
2070,42
2071,42
2072,42
2073,42
2074,42
2075,42
2076,42
2077,42
2078,42
2079,42
2080,42
2081,42
2082,42
2083,42
2084,42
2085,42
2086,42
2087,42
2088,42
2089,42
2090,42
2091,42
2092,42
2093,42
2094,42
2095,42
2096,42
2097,42
2098,42
2099,42
2100,42
2101,42
2102,42
2103,42
2104,42
2105,42
2106,42
2107,42
2108,42
2109,42
2110,42
2111,42
2112,42
2113,42
2114,42
2115,42
2116,42
2117,42
2118,42
2119,42
2120,42
2121,42
2122,42
2123,42
2124,42
2125,42
2126,42
2127,42
2128,42
2129,42
2130,42
2131,42
2132,42
2133,42
2134,42
2135,42
2136,42
2137,42
2138,42
2139,42
2140,42
2141,42
2142,42
2143,42
2144,42
2145,42
2146,42
2147,42
2148,42
2149,42
2150,42
2151,42
2152,42
2153,42
2154,42
2155,42
2156,42
2157,42
2158,42
2159,42
2160,42
2161,42
2162,42
2163,42
2164,42
2165,42
2166,42
2167,42
2168,42
2169,42
2170,42
2171,42
2172,42
2173,42
2174,42
2175,42
2176,42
2177,42
2178,42
2179,42
2180,42
2181,41
2182,41
2183,41
2184,41
2185,41
2186,41
2187,41
2188,41
2189,41
2190,41
2191,41
2192,41
2193,41
2194,41
2195,41
2196,41
2197,41
2198,41
2199,41
2200,41
2201,41
2202,41
2203,41
2204,41
2205,41
2206,41
2207,41
2208,41
2209,41
2210,41
2211,41
2212,41
2213,41
2214,41
2215,41
2216,41
2217,41
2218,41
2219,41
2220,41
2221,41
2222,41
2223,41
2224,41
2225,41
2226,41
2227,41
2228,41
2229,41
2230,41
2231,41
2232,41
2233,41
2234,41
2235,41
2236,41
2237,41
2238,41
2239,41
2240,41
2241,41
2242,41
2243,41
2244,41
2245,41
2246,41
2247,41
2248,41
2249,41
2250,41
2251,41
2252,41
2253,41
2254,41
2255,41
2256,41
2257,41
2258,41
2259,41
2260,41
2261,41
2262,41
2263,41
2264,41
2265,41
2266,41
2267,41
2268,41
2269,41
2270,41
2271,41
2272,41
2273,41
2274,41
2275,41
2276,41
2277,41
2278,41
2279,41
2280,41
2281,41
2282,41
2283,41
2284,41
2285,41
2286,41
2287,41
2288,41
2289,41
2290,41
2291,41
2292,41
2293,41
2294,41
2295,41
2296,41
2297,41
2298,41
2299,41
2300,41
2301,41
2302,41
2303,41
2304,41
2305,41
2306,41
2307,41
2308,41
2309,41
2310,41
2311,41
2312,41
2313,41
2314,41
2315,41
2316,41
2317,41
2318,41
2319,41
2320,41
2321,41
2322,41
2323,41
2324,41
2325,41
2326,41
2327,41
2328,41
2329,41
2330,41
2331,41
2332,41
2333,41
2334,41
2335,41
2336,41
2337,41
2338,41
2339,41
2340,41
2341,41
2342,41
2343,41
2344,41
2345,41
2346,41
2347,41
2348,41
2349,41
2350,41
2351,41
2352,41
2353,41
2354,41
2355,41
2356,41
2357,41
2358,41
2359,41
2360,41
2361,41
2362,41
2363,41
2364,41
2365,41
2366,41
2367,41
2368,41
2369,41
2370,41
2371,41
2372,41
2373,41
2374,41
2375,41
2376,41
2377,41
2378,41
2379,41
2380,41
2381,41
2382,41
2383,41
2384,41
2385,41
2386,41
2387,41
2388,41
2389,41
2390,41
2391,41
2392,41
2393,41
2394,41
2395,41
2396,41
2397,41
2398,41
2399,41
2400,41
2401,41
2402,41
2403,41
2404,41
2405,41
2406,41
2407,41
2408,41
2409,41
2410,41
2411,41
2412,41
2413,41
2414,41
2415,41
2416,41
2417,41
2418,41
2419,41
2420,41
2421,41
2422,41
2423,41
2424,41
2425,41
2426,41
2427,41
2428,41
2429,41
2430,41
2431,41
2432,41
2433,41
2434,41
2435,41
2436,41
2437,41
2438,41
2439,41
2440,41
2441,41
2442,41
2443,41
2444,41
2445,41
2446,41
2447,41
2448,41
2449,41
2450,41
2451,41
2452,41
2453,41
2454,41
2455,41
2456,41
2457,41
2458,41
2459,41
2460,41
2461,41
2462,41
2463,41
2464,41
2465,41
2466,41
2467,41
2468,41
2469,41
2470,41
2471,41
2472,41
2473,41
2474,41
2475,41
2476,41
2477,41
2478,41
2479,41
2480,41
2481,41
2482,41
2483,41
2484,41
2485,41
2486,41
2487,41
2488,41
2489,41
2490,41
2491,41
2492,41
2493,41
2494,41
2495,41
2496,41
2497,41
2498,41
2499,41
2500,41
2501,41
2502,41
2503,41
2504,41
2505,41
2506,41
2507,41
2508,41
2509,41
2510,41
2511,41
2512,41
2513,41
2514,41
2515,41
2516,41
2517,41
2518,41
2519,41
2520,41
2521,41
2522,41
2523,41
2524,41
2525,41
2526,41
2527,41
2528,41
2529,41
2530,41
2531,41
2532,41
2533,41
2534,41
2535,41
2536,41
2537,41
2538,41
2539,41
2540,41
2541,41
2542,41
2543,41
2544,41
2545,41
2546,41
2547,41
2548,41
2549,41
2550,41
2551,41
2552,41
2553,41
2554,41
2555,41
2556,41
2557,41
2558,41
2559,41
2560,41
2561,41
2562,41
2563,41
2564,41
2565,41
2566,41
2567,41
2568,41
2569,41
2570,41
2571,41
2572,41
2573,41
2574,41
2575,41
2576,41
2577,41
2578,41
2579,41
2580,41
2581,41
2582,41
2583,41
2584,41
2585,41
2586,41
2587,41
2588,41
2589,41
2590,41
2591,41
2592,41
2593,41
2594,41
2595,41
2596,41
2597,41
2598,41
2599,41
2600,41
2601,41
2602,41
2603,41
2604,41
2605,41
2606,41
2607,41
2608,41
2609,41
2610,41
2611,41
2612,41
2613,41
2614,41
2615,41
2616,41
2617,41
2618,41
2619,41
2620,41
2621,41
2622,41
2623,41
2624,41
2625,41
2626,41
2627,41
2628,41
2629,41
2630,41
2631,41
2632,41
2633,41
2634,41
2635,41
2636,41
2637,41
2638,41
2639,41
2640,41
2641,41
2642,41
2643,41
2644,41
2645,41
2646,41
2647,41
2648,41
2649,41
2650,41
2651,41
2652,41
2653,41
2654,41
2655,41
2656,41
2657,41
2658,41
2659,41
2660,41
2661,41
2662,41
2663,41
2664,41
2665,41
2666,41
2667,41
2668,41
2669,41
2670,41
2671,41
2672,41
2673,41
2674,41
2675,41
2676,41
2677,41
2678,41
2679,41
2680,41
2681,41
2682,41
2683,41
2684,41
2685,41
2686,41
2687,41
2688,41
2689,41
2690,41
2691,41
2692,41
2693,41
2694,41
2695,41
2696,41
2697,41
2698,41
2699,41
2700,41
2701,41
2702,41
2703,41
2704,41
2705,41
2706,41
2707,41
2708,41
2709,41
2710,41
2711,41
2712,41
2713,41
2714,41
2715,41
2716,41
2717,41
2718,41
2719,41
2720,41
2721,41
2722,41
2723,41
2724,41
2725,41
2726,41
2727,41
2728,41
2729,41
2730,41
2731,41
2732,41
2733,41
2734,41
2735,41
2736,41
2737,41
2738,41
2739,41
2740,41
2741,41
2742,41
2743,41
2744,41
2745,41
2746,41
2747,41
2748,41
2749,41
2750,41
2751,41
2752,41
2753,41
2754,41
2755,41
2756,41
2757,41
2758,41
2759,41
2760,41
2761,41
2762,41
2763,41
2764,41
2765,41
2766,41
2767,41
2768,41
2769,41
2770,41
2771,41
2772,41
2773,41
2774,41
2775,41
2776,41
2777,41
2778,41
2779,41
2780,41
2781,41
2782,41
2783,41
2784,41
2785,41
2786,41
2787,41
2788,41
2789,41
2790,41
2791,41
2792,41
2793,41
2794,41
2795,41
2796,41
2797,41
2798,41
2799,41
2800,41
2801,41
2802,41
2803,41
2804,41
2805,41
2806,41
2807,41
2808,41
2809,41
2810,41
2811,41
2812,41
2813,41
2814,41
2815,41
2816,41
2817,41
2818,41
2819,41
2820,41
2821,41
2822,41
2823,41
2824,41
2825,41
2826,41
2827,41
2828,41
2829,41
2830,41
2831,41
2832,41
2833,41
2834,41
2835,41
2836,41
2837,41
2838,41
2839,41
2840,41
2841,41
2842,41
2843,41
2844,41
2845,41
2846,41
2847,41
2848,41
2849,41
2850,41
2851,41
2852,41
2853,41
2854,41
2855,41
2856,41
2857,41
2858,41
2859,41
2860,41
2861,41
2862,41
2863,41
2864,41
2865,41
2866,41
2867,41
2868,41
2869,41
2870,41
2871,41
2872,41
2873,41
2874,41
2875,41
2876,41
2877,41
2878,41
2879,41
2880,41
2881,41
2882,41
2883,41
2884,41
2885,41
2886,41
2887,41
2888,41
2889,41
2890,41
2891,41
2892,41
2893,41
2894,41
2895,41
2896,41
2897,41
2898,41
2899,41
2900,41
2901,41
2902,41
2903,41
2904,41
2905,41
2906,41
2907,41
2908,41
2909,41
2910,41
2911,41
2912,41
2913,41
2914,41
2915,41
2916,41
2917,41
2918,41
2919,41
2920,41
2921,41
2922,41
2923,41
2924,41
2925,41
2926,41
2927,41
2928,41
2929,41
2930,41
2931,41
2932,41
2933,41
2934,41
2935,41
2936,41
2937,41
2938,41
2939,41
2940,41
2941,41
2942,41
2943,41
2944,41
2945,41
2946,41
2947,41
2948,41
2949,41
2950,41
2951,41
2952,41
2953,41
2954,41
2955,41
2956,41
2957,41
2958,41
2959,41
2960,41
2961,41
2962,41
2963,41
2964,41
2965,41
2966,41
2967,41
2968,41
2969,41
2970,41
2971,41
2972,41
2973,41
2974,41
2975,41
2976,41
2977,41
2978,41
2979,41
2980,41
2981,41
2982,41
2983,41
2984,41
2985,41
2986,41
2987,41
2988,41
2989,41
2990,41
2991,41
2992,41
2993,41
2994,41
2995,41
2996,41
2997,41
2998,41
2999,41
3000,41
3001,41
3002,41
3003,41
3004,41
3005,41
3006,41
3007,41
3008,41
3009,41
3010,41
3011,41
3012,41
3013,41
3014,41
3015,41
3016,41
3017,41
3018,41
3019,41
3020,41
3021,41
3022,41
3023,41
3024,41
3025,41
3026,41
3027,41
3028,41
3029,41
3030,41
3031,41
3032,41
3033,41
3034,41
3035,41
3036,41
3037,41
3038,41
3039,41
3040,41
3041,41
3042,41
3043,41
3044,41
3045,41
3046,41
3047,41
3048,41
3049,41
3050,41
3051,41
3052,41
3053,41
3054,41
3055,41
3056,41
3057,41
3058,41
3059,41
3060,41
3061,41
3062,41
3063,41
3064,41
3065,41
3066,41
3067,41
3068,41
3069,41
3070,41
3071,41
3072,40
3073,40
3074,40
3075,40
3076,40
3077,40
3078,40
3079,40
3080,40
3081,40
3082,40
3083,40
3084,40
3085,40
3086,40
3087,40
3088,40
3089,40
3090,40
3091,40
3092,40
3093,40
3094,40
3095,40
3096,40
3097,40
3098,40
3099,40
3100,40
3101,40
3102,40
3103,40
3104,40
3105,40
3106,40
3107,40
3108,40
3109,40
3110,40
3111,40
3112,40
3113,40
3114,40
3115,40
3116,40
3117,40
3118,40
3119,40
3120,40
3121,40
3122,40
3123,40
3124,40
3125,40
3126,40
3127,40
3128,40
3129,40
3130,40
3131,40
3132,40
3133,40
3134,40
3135,40
3136,40
3137,40
3138,40
3139,40
3140,40
3141,40
3142,40
3143,40
3144,40
3145,40
3146,40
3147,40
3148,40
3149,40
3150,40
3151,40
3152,40
3153,40
3154,40
3155,40
3156,40
3157,40
3158,40
3159,40
3160,40
3161,40
3162,40
3163,40
3164,40
3165,40
3166,40
3167,40
3168,40
3169,40
3170,40
3171,40
3172,40
3173,40
3174,40
3175,40
3176,40
3177,40
3178,40
3179,40
3180,40
3181,40
3182,40
3183,40
3184,40
3185,40
3186,40
3187,40
3188,40
3189,40
3190,40
3191,40
3192,40
3193,40
3194,40
3195,40
3196,40
3197,40
3198,40
3199,40
3200,40
3201,40
3202,40
3203,40
3204,40
3205,40
3206,40
3207,40
3208,40
3209,40
3210,40
3211,40
3212,40
3213,40
3214,40
3215,40
3216,40
3217,40
3218,40
3219,40
3220,40
3221,40
3222,40
3223,40
3224,40
3225,40
3226,40
3227,40
3228,40
3229,40
3230,40
3231,40
3232,40
3233,40
3234,40
3235,40
3236,40
3237,40
3238,40
3239,40
3240,40
3241,40
3242,40
3243,40
3244,40
3245,40
3246,40
3247,40
3248,40
3249,40
3250,40
3251,40
3252,40
3253,40
3254,40
3255,40
3256,40
3257,40
3258,40
3259,40
3260,40
3261,40
3262,40
3263,40
3264,40
3265,40
3266,40
3267,40
3268,40
3269,40
3270,40
3271,40
3272,40
3273,40
3274,40
3275,40
3276,40
3277,40
3278,40
3279,40
3280,40
3281,40
3282,40
3283,40
3284,40
3285,40
3286,40
3287,40
3288,40
3289,40
3290,40
3291,40
3292,40
3293,40
3294,40
3295,40
3296,40
3297,40
3298,40
3299,40
3300,40
3301,40
3302,40
3303,40
3304,40
3305,40
3306,40
3307,40
3308,40
3309,40
3310,40
3311,40
3312,40
3313,40
3314,40
3315,40
3316,40
3317,40
3318,40
3319,40
3320,40
3321,40
3322,40
3323,40
3324,40
3325,40
3326,40
3327,40
3328,40
3329,40
3330,40
3331,40
3332,40
3333,40
3334,40
3335,40
3336,40
3337,40
3338,40
3339,40
3340,40
3341,40
3342,40
3343,40
3344,40
3345,40
3346,40
3347,40
3348,40
3349,40
3350,40
3351,40
3352,40
3353,40
3354,40
3355,40
3356,40
3357,40
3358,40
3359,40
3360,40
3361,40
3362,40
3363,40
3364,40
3365,40
3366,40
3367,40
3368,40
3369,40
3370,40
3371,40
3372,40
3373,40
3374,40
3375,40
3376,40
3377,40
3378,40
3379,40
3380,40
3381,40
3382,40
3383,40
3384,40
3385,40
3386,40
3387,40
3388,40
3389,40
3390,40
3391,40
3392,40
3393,40
3394,40
3395,40
3396,40
3397,40
3398,40
3399,40
3400,40
3401,40
3402,40
3403,40
3404,40
3405,40
3406,40
3407,40
3408,40
3409,40
3410,40
3411,40
3412,40
3413,40
3414,40
3415,40
3416,40
3417,40
3418,40
3419,40
3420,40
3421,40
3422,40
3423,40
3424,40
3425,40
3426,40
3427,40
3428,40
3429,40
3430,40
3431,40
3432,40
3433,40
3434,40
3435,40
3436,40
3437,40
3438,40
3439,40
3440,40
3441,40
3442,40
3443,40
3444,40
3445,40
3446,40
3447,40
3448,40
3449,40
3450,40
3451,40
3452,40
3453,40
3454,40
3455,40
3456,40
3457,40
3458,40
3459,40
3460,40
3461,40
3462,40
3463,40
3464,40
3465,40
3466,40
3467,40
3468,40
3469,40
3470,40
3471,40
3472,40
3473,40
3474,40
3475,40
3476,40
3477,40
3478,40
3479,40
3480,40
3481,40
3482,40
3483,40
3484,40
3485,40
3486,40
3487,40
3488,40
3489,40
3490,40
3491,40
3492,40
3493,40
3494,40
3495,40
3496,40
3497,40
3498,40
3499,40
3500,40
3501,40
3502,40
3503,40
3504,40
3505,40
3506,40
3507,40
3508,40
3509,40
3510,40
3511,40
3512,40
3513,40
3514,40
3515,40
3516,40
3517,40
3518,40
3519,40
3520,40
3521,40
3522,40
3523,40
3524,40
3525,40
3526,40
3527,40
3528,40
3529,40
3530,40
3531,40
3532,40
3533,40
3534,40
3535,40
3536,40
3537,40
3538,40
3539,40
3540,40
3541,40
3542,40
3543,40
3544,40
3545,40
3546,40
3547,40
3548,40
3549,40
3550,40
3551,40
3552,40
3553,40
3554,40
3555,40
3556,40
3557,40
3558,40
3559,40
3560,40
3561,40
3562,40
3563,40
3564,40
3565,40
3566,40
3567,40
3568,40
3569,40
3570,40
3571,40
3572,40
3573,40
3574,40
3575,40
3576,40
3577,40
3578,40
3579,40
3580,40
3581,40
3582,40
3583,40
3584,40
3585,40
3586,40
3587,40
3588,40
3589,40
3590,40
3591,40
3592,40
3593,40
3594,40
3595,40
3596,40
3597,40
3598,40
3599,40
3600,40
3601,40
3602,40
3603,40
3604,40
3605,40
3606,40
3607,40
3608,40
3609,40
3610,40
3611,40
3612,40
3613,40
3614,40
3615,40
3616,40
3617,40
3618,40
3619,40
3620,40
3621,40
3622,40
3623,40
3624,40
3625,40
3626,40
3627,40
3628,40
3629,40
3630,40
3631,40
3632,40
3633,40
3634,40
3635,40
3636,40
3637,40
3638,40
3639,40
3640,40
3641,40
3642,40
3643,40
3644,40
3645,40
3646,40
3647,40
3648,40
3649,40
3650,40
3651,40
3652,40
3653,40
3654,40
3655,40
3656,40
3657,40
3658,40
3659,40
3660,40
3661,40
3662,40
3663,40
3664,40
3665,40
3666,40
3667,40
3668,40
3669,40
3670,40
3671,40
3672,40
3673,40
3674,40
3675,40
3676,40
3677,40
3678,40
3679,40
3680,40
3681,40
3682,40
3683,40
3684,40
3685,40
3686,40
3687,40
3688,40
3689,40
3690,40
3691,40
3692,40
3693,40
3694,40
3695,40
3696,40
3697,40
3698,40
3699,40
3700,40
3701,40
3702,40
3703,40
3704,40
3705,40
3706,40
3707,40
3708,40
3709,40
3710,40
3711,40
3712,40
3713,40
3714,40
3715,40
3716,40
3717,40
3718,40
3719,40
3720,40
3721,40
3722,40
3723,40
3724,40
3725,40
3726,40
3727,40
3728,40
3729,40
3730,40
3731,40
3732,40
3733,40
3734,40
3735,40
3736,40
3737,40
3738,40
3739,40
3740,40
3741,40
3742,40
3743,40
3744,40
3745,40
3746,40
3747,40
3748,40
3749,40
3750,40
3751,40
3752,40
3753,40
3754,40
3755,40
3756,40
3757,40
3758,40
3759,40
3760,40
3761,40
3762,40
3763,40
3764,40
3765,40
3766,40
3767,40
3768,40
3769,40
3770,40
3771,40
3772,40
3773,40
3774,40
3775,40
3776,40
3777,40
3778,40
3779,40
3780,40
3781,40
3782,40
3783,40
3784,40
3785,40
3786,40
3787,40
3788,40
3789,40
3790,40
3791,40
3792,40
3793,40
3794,40
3795,40
3796,40
3797,40
3798,40
3799,40
3800,40
3801,40
3802,40
3803,40
3804,40
3805,40
3806,40
3807,40
3808,40
3809,40
3810,40
3811,40
3812,40
3813,40
3814,40
3815,40
3816,40
3817,40
3818,40
3819,40
3820,40
3821,40
3822,40
3823,40
3824,40
3825,40
3826,40
3827,40
3828,40
3829,40
3830,40
3831,40
3832,40
3833,40
3834,40
3835,40
3836,40
3837,40
3838,40
3839,40
3840,40
3841,40
3842,40
3843,40
3844,40
3845,40
3846,40
3847,40
3848,40
3849,40
3850,40
3851,40
3852,40
3853,40
3854,40
3855,40
3856,40
3857,39
3858,39
3859,39
3860,39
3861,39
3862,39
3863,39
3864,39
3865,39
3866,39
3867,39
3868,39
3869,39
3870,39
3871,39
3872,39
3873,39
3874,39
3875,39
3876,39
3877,39
3878,39
3879,39
3880,39
3881,39
3882,39
3883,39
3884,39
3885,39
3886,39
3887,39
3888,39
3889,39
3890,39
3891,39
3892,39
3893,39
3894,39
3895,39
3896,39
3897,39
3898,39
3899,39
3900,39
3901,39
3902,39
3903,39
3904,39
3905,39
3906,39
3907,39
3908,39
3909,39
3910,39
3911,39
3912,39
3913,39
3914,39
3915,39
3916,39
3917,39
3918,39
3919,39
3920,39
3921,39
3922,39
3923,39
3924,39
3925,39
3926,39
3927,39
3928,39
3929,39
3930,39
3931,39
3932,39
3933,39
3934,39
3935,39
3936,39
3937,39
3938,39
3939,39
3940,39
3941,39
3942,39
3943,39
3944,39
3945,39
3946,39
3947,39
3948,39
3949,39
3950,39
3951,39
3952,39
3953,39
3954,39
3955,39
3956,39
3957,39
3958,39
3959,39
3960,39
3961,39
3962,39
3963,39
3964,39
3965,39
3966,39
3967,39
3968,39
3969,39
3970,39
3971,39
3972,39
3973,39
3974,39
3975,39
3976,39
3977,39
3978,39
3979,39
3980,39
3981,39
3982,39
3983,39
3984,39
3985,39
3986,39
3987,39
3988,39
3989,39
3990,39
3991,39
3992,39
3993,39
3994,39
3995,39
3996,39
3997,39
3998,39
3999,39
4000,39
4001,39
4002,39
4003,39
4004,39
4005,39
4006,39
4007,39
4008,39
4009,39
4010,39
4011,39
4012,39
4013,39
4014,39
4015,39
4016,39
4017,39
4018,39
4019,39
4020,39
4021,39
4022,39
4023,39
4024,39
4025,39
4026,39
4027,39
4028,39
4029,39
4030,39
4031,39
4032,39
4033,39
4034,39
4035,39
4036,39
4037,39
4038,39
4039,39
4040,39
4041,39
4042,39
4043,39
4044,39
4045,39
4046,39
4047,39
4048,39
4049,39
4050,39
4051,39
4052,39
4053,39
4054,39
4055,39
4056,39
4057,39
4058,39
4059,39
4060,39
4061,39
4062,39
4063,39
4064,39
4065,39
4066,39
4067,39
4068,39
4069,39
4070,39
4071,39
4072,39
4073,39
4074,39
4075,39
4076,39
4077,39
4078,39
4079,39
4080,39
4081,39
4082,39
4083,39
4084,39
4085,39
4086,39
4087,39
4088,39
4089,39
4090,39
4091,39
4092,39
4093,39
4094,39
4095,39
4096,39
4097,39
4098,39
4099,39
4100,39
4101,39
4102,39
4103,39
4104,39
4105,39
4106,39
4107,39
4108,39
4109,39
4110,39
4111,39
4112,39
4113,39
4114,39
4115,39
4116,39
4117,39
4118,39
4119,39
4120,39
4121,39
4122,39
4123,39
4124,39
4125,39
4126,39
4127,39
4128,39
4129,39
4130,39
4131,39
4132,39
4133,39
4134,39
4135,39
4136,39
4137,39
4138,39
4139,39
4140,39
4141,39
4142,39
4143,39
4144,39
4145,39
4146,39
4147,39
4148,39
4149,39
4150,39
4151,39
4152,39
4153,39
4154,39
4155,39
4156,39
4157,39
4158,39
4159,39
4160,39
4161,39
4162,39
4163,39
4164,39
4165,39
4166,39
4167,39
4168,39
4169,39
4170,39
4171,39
4172,39
4173,39
4174,39
4175,39
4176,39
4177,39
4178,39
4179,39
4180,39
4181,39
4182,39
4183,39
4184,39
4185,39
4186,39
4187,39
4188,39
4189,39
4190,39
4191,39
4192,39
4193,39
4194,39
4195,39
4196,39
4197,39
4198,39
4199,39
4200,39
4201,39
4202,39
4203,39
4204,39
4205,39
4206,39
4207,39
4208,39
4209,39
4210,39
4211,39
4212,39
4213,39
4214,39
4215,39
4216,39
4217,39
4218,39
4219,39
4220,39
4221,39
4222,39
4223,39
4224,39
4225,39
4226,39
4227,39
4228,39
4229,39
4230,39
4231,39
4232,39
4233,39
4234,39
4235,39
4236,39
4237,39
4238,39
4239,39
4240,39
4241,39
4242,39
4243,39
4244,39
4245,39
4246,39
4247,39
4248,39
4249,39
4250,39
4251,39
4252,39
4253,39
4254,39
4255,39
4256,39
4257,39
4258,39
4259,39
4260,39
4261,39
4262,39
4263,39
4264,39
4265,39
4266,39
4267,39
4268,39
4269,39
4270,39
4271,39
4272,39
4273,39
4274,39
4275,39
4276,39
4277,39
4278,39
4279,39
4280,39
4281,39
4282,39
4283,39
4284,39
4285,39
4286,39
4287,39
4288,39
4289,39
4290,39
4291,39
4292,39
4293,39
4294,39
4295,39
4296,39
4297,39
4298,39
4299,39
4300,39
4301,39
4302,39
4303,39
4304,39
4305,39
4306,39
4307,39
4308,39
4309,39
4310,39
4311,39
4312,39
4313,39
4314,39
4315,39
4316,39
4317,39
4318,39
4319,39
4320,39
4321,39
4322,39
4323,39
4324,39
4325,39
4326,39
4327,39
4328,39
4329,39
4330,39
4331,39
4332,39
4333,39
4334,39
4335,39
4336,39
4337,39
4338,39
4339,39
4340,39
4341,39
4342,39
4343,39
4344,39
4345,39
4346,39
4347,39
4348,39
4349,39
4350,39
4351,39
4352,39
4353,39
4354,39
4355,39
4356,39
4357,39
4358,39
4359,39
4360,39
4361,39
4362,39
4363,39
4364,39
4365,39
4366,39
4367,39
4368,39
4369,39
4370,39
4371,39
4372,39
4373,39
4374,39
4375,39
4376,39
4377,39
4378,39
4379,39
4380,39
4381,39
4382,39
4383,39
4384,39
4385,39
4386,39
4387,39
4388,39
4389,39
4390,39
4391,39
4392,39
4393,39
4394,39
4395,39
4396,39
4397,39
4398,39
4399,39
4400,39
4401,39
4402,39
4403,39
4404,39
4405,39
4406,39
4407,39
4408,39
4409,39
4410,39
4411,39
4412,39
4413,39
4414,39
4415,39
4416,39
4417,39
4418,39
4419,39
4420,39
4421,39
4422,39
4423,39
4424,39
4425,39
4426,39
4427,39
4428,39
4429,39
4430,39
4431,39
4432,39
4433,39
4434,39
4435,39
4436,39
4437,39
4438,39
4439,39
4440,39
4441,39
4442,39
4443,39
4444,39
4445,39
4446,39
4447,39
4448,39
4449,39
4450,39
4451,39
4452,39
4453,39
4454,39
4455,39
4456,39
4457,39
4458,39
4459,39
4460,39
4461,39
4462,39
4463,39
4464,39
4465,39
4466,39
4467,39
4468,39
4469,39
4470,39
4471,39
4472,39
4473,39
4474,39
4475,39
4476,39
4477,39
4478,39
4479,39
4480,39
4481,39
4482,39
4483,39
4484,39
4485,39
4486,39
4487,39
4488,39
4489,39
4490,39
4491,39
4492,39
4493,39
4494,39
4495,39
4496,39
4497,39
4498,39
4499,39
4500,39
4501,39
4502,39
4503,39
4504,39
4505,39
4506,39
4507,39
4508,39
4509,39
4510,39
4511,39
4512,39
4513,39
4514,39
4515,39
4516,39
4517,39
4518,39
4519,39
4520,39
4521,39
4522,39
4523,39
4524,39
4525,39
4526,39
4527,39
4528,39
4529,39
4530,39
4531,39
4532,39
4533,39
4534,39
4535,39
4536,39
4537,39
4538,39
4539,39
4540,39
4541,39
4542,39
4543,39
4544,39
4545,39
4546,39
4547,39
4548,39
4549,39
4550,39
4551,39
4552,39
4553,39
4554,39
4555,39
4556,39
4557,39
4558,39
4559,39
4560,39
4561,39
4562,39
4563,39
4564,39
4565,39
4566,39
4567,39
4568,39
4569,39
4570,39
4571,39
4572,39
4573,39
4574,39
4575,39
4576,39
4577,39
4578,39
4579,39
4580,39
4581,39
4582,39
4583,39
4584,39
4585,39
4586,39
4587,39
4588,39
4589,39
4590,39
4591,39
4592,39
4593,39
4594,39
4595,39
4596,39
4597,39
4598,39
4599,39
4600,39
4601,39
4602,39
4603,39
4604,39
4605,39
4606,39
4607,39
4608,39
4609,39
4610,39
4611,39
4612,39
4613,39
4614,39
4615,39
4616,39
4617,39
4618,39
4619,39
4620,39
4621,39
4622,39
4623,39
4624,39
4625,39
4626,39
4627,39
4628,39
4629,39
4630,39
4631,39
4632,39
4633,39
4634,39
4635,39
4636,39
4637,39
4638,39
4639,39
4640,39
4641,39
4642,39
4643,39
4644,39
4645,39
4646,39
4647,39
4648,39
4649,39
4650,39
4651,39
4652,39
4653,39
4654,39
4655,39
4656,39
4657,39
4658,39
4659,39
4660,39
4661,39
4662,39
4663,39
4664,39
4665,39
4666,39
4667,39
4668,39
4669,39
4670,39
4671,39
4672,39
4673,39
4674,39
4675,39
4676,39
4677,39
4678,39
4679,39
4680,39
4681,39
4682,39
4683,39
4684,39
4685,39
4686,39
4687,39
4688,39
4689,39
4690,39
4691,39
4692,39
4693,39
4694,39
4695,39
4696,39
4697,39
4698,39
4699,39
4700,39
4701,39
4702,39
4703,39
4704,39
4705,39
4706,39
4707,39
4708,39
4709,39
4710,39
4711,39
4712,39
4713,39
4714,39
4715,39
4716,39
4717,39
4718,39
4719,39
4720,39
4721,39
4722,39
4723,39
4724,39
4725,39
4726,39
4727,39
4728,39
4729,39
4730,39
4731,39
4732,39
4733,39
4734,39
4735,39
4736,39
4737,39
4738,39
4739,39
4740,39
4741,39
4742,39
4743,39
4744,39
4745,39
4746,39
4747,39
4748,39
4749,39
4750,39
4751,39
4752,39
4753,39
4754,39
4755,39
4756,39
4757,39
4758,39
4759,39
4760,39
4761,39
4762,39
4763,39
4764,39
4765,39
4766,39
4767,39
4768,39
4769,39
4770,39
4771,39
4772,39
4773,39
4774,39
4775,39
4776,39
4777,39
4778,39
4779,39
4780,39
4781,39
4782,39
4783,39
4784,39
4785,39
4786,39
4787,39
4788,39
4789,39
4790,39
4791,39
4792,39
4793,39
4794,39
4795,39
4796,39
4797,39
4798,39
4799,39
4800,39
4801,39
4802,39
4803,39
4804,39
4805,39
4806,39
4807,39
4808,39
4809,39
4810,39
4811,39
4812,39
4813,39
4814,39
4815,39
4816,39
4817,39
4818,39
4819,39
4820,39
4821,39
4822,39
4823,39
4824,39
4825,39
4826,39
4827,39
4828,39
4829,39
4830,39
4831,39
4832,39
4833,39
4834,39
4835,39
4836,39
4837,39
4838,39
4839,39
4840,39
4841,39
4842,39
4843,39
4844,39
4845,39
4846,39
4847,39
4848,39
4849,39
4850,39
4851,39
4852,39
4853,39
4854,39
4855,39
4856,39
4857,39
4858,39
4859,39
4860,39
4861,39
4862,39
4863,39
4864,39
4865,39
4866,39
4867,39
4868,39
4869,39
4870,39
4871,39
4872,39
4873,39
4874,39
4875,39
4876,39
4877,39
4878,39
4879,39
4880,39
4881,39
4882,39
4883,39
4884,39
4885,39
4886,39
4887,39
4888,39
4889,39
4890,39
4891,39
4892,39
4893,39
4894,39
4895,39
4896,39
4897,39
4898,39
4899,39
4900,39
4901,39
4902,39
4903,39
4904,39
4905,39
4906,39
4907,39
4908,39
4909,39
4910,39
4911,39
4912,39
4913,39
4914,39
4915,39
4916,39
4917,39
4918,39
4919,39
4920,39
4921,39
4922,39
4923,39
4924,39
4925,39
4926,39
4927,39
4928,39
4929,39
4930,39
4931,39
4932,39
4933,39
4934,39
4935,39
4936,39
4937,39
4938,39
4939,39
4940,39
4941,39
4942,39
4943,39
4944,39
4945,39
4946,39
4947,39
4948,39
4949,39
4950,39
4951,39
4952,39
4953,39
4954,39
4955,39
4956,39
4957,39
4958,39
4959,39
4960,39
4961,39
4962,39
4963,39
4964,39
4965,39
4966,39
4967,39
4968,39
4969,39
4970,39
4971,39
4972,39
4973,39
4974,39
4975,39
4976,39
4977,39
4978,39
4979,39
4980,39
4981,39
4982,39
4983,39
4984,39
4985,39
4986,39
4987,39
4988,39
4989,39
4990,39
4991,39
4992,39
4993,39
4994,39
4995,39
4996,39
4997,39
4998,39
4999,39
5000,39
5001,39
5002,39
5003,39
5004,39
5005,39
5006,39
5007,39
5008,39
5009,39
5010,39
5011,39
5012,39
5013,39
5014,39
5015,39
5016,39
5017,39
5018,39
5019,39
5020,39
5021,39
5022,39
5023,39
5024,39
5025,39
5026,39
5027,39
5028,39
5029,39
5030,39
5031,39
5032,39
5033,39
5034,39
5035,39
5036,39
5037,39
5038,39
5039,39
5040,39
5041,39
5042,39
5043,39
5044,39
5045,39
5046,39
5047,39
5048,39
5049,39
5050,39
5051,39
5052,39
5053,39
5054,39
5055,39
5056,39
5057,39
5058,39
5059,39
5060,39
5061,39
5062,39
5063,39
5064,39
5065,39
5066,39
5067,39
5068,39
5069,39
5070,39
5071,39
5072,39
5073,39
5074,39
5075,39
5076,39
5077,39
5078,39
5079,39
5080,39
5081,39
5082,39
5083,39
5084,39
5085,39
5086,39
5087,39
5088,39
5089,39
5090,39
5091,39
5092,39
5093,39
5094,39
5095,39
5096,39
5097,39
5098,39
5099,39
5100,39
5101,39
5102,39
5103,39
5104,39
5105,39
5106,39
5107,39
5108,39
5109,39
5110,39
5111,39
5112,39
5113,39
5114,39
5115,39
5116,39
5117,39
5118,39
5119,39
5120,39
5121,39
5122,39
5123,39
5124,39
5125,39
5126,39
5127,39
5128,39
5129,39
5130,39
5131,39
5132,39
5133,39
5134,39
5135,39
5136,39
5137,39
5138,39
5139,39
5140,39
5141,39
5142,39
5143,39
5144,39
5145,39
5146,39
5147,39
5148,39
5149,39
5150,39
5151,39
5152,39
5153,39
5154,39
5155,39
5156,39
5157,39
5158,39
5159,39
5160,39
5161,39
5162,39
5163,39
5164,39
5165,39
5166,39
5167,39
5168,39
5169,39
5170,39
5171,39
5172,39
5173,39
5174,39
5175,39
5176,39
5177,39
5178,39
5179,39
5180,39
5181,39
5182,39
5183,39
5184,39
5185,39
5186,39
5187,39
5188,39
5189,39
5190,39
5191,39
5192,39
5193,39
5194,39
5195,39
5196,39
5197,39
5198,39
5199,39
5200,39
5201,39
5202,39
5203,39
5204,39
5205,39
5206,39
5207,39
5208,39
5209,39
5210,39
5211,39
5212,39
5213,39
5214,39
5215,39
5216,39
5217,39
5218,39
5219,39
5220,39
5221,39
5222,39
5223,39
5224,39
5225,39
5226,39
5227,39
5228,39
5229,39
5230,39
5231,39
5232,39
5233,39
5234,39
5235,39
5236,39
5237,39
5238,39
5239,39
5240,39
5241,39
5242,39
5243,39
5244,39
5245,39
5246,39
5247,39
5248,39
5249,39
5250,39
5251,39
5252,39
5253,39
5254,39
5255,39
5256,39
5257,39
5258,39
5259,39
5260,39
5261,39
5262,39
5263,39
5264,39
5265,39
5266,39
5267,39
5268,39
5269,39
5270,39
5271,39
5272,39
5273,39
5274,39
5275,39
5276,39
5277,39
5278,39
5279,39
5280,39
5281,39
5282,39
5283,39
5284,39
5285,39
5286,39
5287,39
5288,39
5289,39
5290,39
5291,39
5292,39
5293,39
5294,39
5295,39
5296,39
5297,39
5298,39
5299,39
5300,39
5301,39
5302,39
5303,39
5304,39
5305,39
5306,39
5307,39
5308,39
5309,39
5310,39
5311,39
5312,39
5313,39
5314,39
5315,39
5316,39
5317,39
5318,39
5319,39
5320,39
5321,39
5322,39
5323,39
5324,39
5325,39
5326,39
5327,39
5328,39
5329,39
5330,39
5331,39
5332,39
5333,39
5334,39
5335,39
5336,39
5337,39
5338,39
5339,39
5340,39
5341,39
5342,39
5343,39
5344,39
5345,39
5346,39
5347,39
5348,39
5349,39
5350,39
5351,39
5352,39
5353,39
5354,39
5355,39
5356,39
5357,39
5358,39
5359,39
5360,39
5361,39
5362,39
5363,39
5364,39
5365,39
5366,39
5367,39
5368,39
5369,39
5370,39
5371,39
5372,39
5373,39
5374,39
5375,39
5376,39
5377,39
5378,39
5379,39
5380,39
5381,39
5382,39
5383,39
5384,39
5385,39
5386,39
5387,39
5388,39
5389,39
5390,39
5391,39
5392,39
5393,39
5394,39
5395,39
5396,39
5397,39
5398,39
5399,39
5400,39
5401,39
5402,39
5403,39
5404,39
5405,39
5406,39
5407,39
5408,39
5409,39
5410,39
5411,39
5412,39
5413,39
5414,39
5415,39
5416,39
5417,39
5418,39
5419,39
5420,39
5421,39
5422,39
5423,39
5424,39
5425,39
5426,39
5427,39
5428,39
5429,39
5430,39
5431,39
5432,39
5433,39
5434,39
5435,39
5436,39
5437,39
5438,39
5439,39
5440,39
5441,39
5442,39
5443,39
5444,39
5445,39
5446,39
5447,39
5448,39
5449,39
5450,39
5451,39
5452,39
5453,39
5454,39
5455,39
5456,39
5457,39
5458,39
5459,39
5460,39
5461,39
5462,39
5463,39
5464,39
5465,39
5466,39
5467,39
5468,39
5469,39
5470,39
5471,39
5472,39
5473,39
5474,39
5475,39
5476,39
5477,39
5478,39
5479,39
5480,39
5481,39
5482,39
5483,39
5484,39
5485,39
5486,39
5487,39
5488,39
5489,39
5490,39
5491,39
5492,39
5493,39
5494,39
5495,39
5496,39
5497,39
5498,39
5499,39
5500,39
5501,39
5502,39
5503,39
5504,39
5505,39
5506,39
5507,39
5508,39
5509,39
5510,39
5511,39
5512,39
5513,39
5514,39
5515,39
5516,39
5517,39
5518,39
5519,39
5520,39
5521,39
5522,39
5523,39
5524,39
5525,39
5526,39
5527,39
5528,39
5529,39
5530,39
5531,39
5532,39
5533,39
5534,39
5535,39
5536,39
5537,39
5538,39
5539,39
5540,39
5541,39
5542,39
5543,39
5544,39
5545,39
5546,39
5547,39
5548,39
5549,39
5550,39
5551,39
5552,39
5553,39
5554,39
5555,39
5556,39
5557,39
5558,39
5559,39
5560,39
5561,39
5562,39
5563,39
5564,39
5565,39
5566,39
5567,39
5568,39
5569,39
5570,39
5571,39
5572,39
5573,39
5574,39
5575,39
5576,39
5577,39
5578,39
5579,39
5580,39
5581,39
5582,39
5583,39
5584,39
5585,39
5586,39
5587,39
5588,39
5589,39
5590,39
5591,39
5592,39
5593,39
5594,39
5595,39
5596,39
5597,39
5598,39
5599,39
5600,39
5601,39
5602,39
5603,39
5604,39
5605,39
5606,39
5607,39
5608,39
5609,39
5610,39
5611,39
5612,39
5613,39
5614,39
5615,39
5616,39
5617,39
5618,39
5619,39
5620,39
5621,39
5622,39
5623,39
5624,39
5625,39
5626,39
5627,39
5628,39
5629,39
5630,39
5631,39
5632,39
5633,39
5634,39
5635,39
5636,39
5637,39
5638,39
5639,39
5640,39
5641,39
5642,39
5643,39
5644,39
5645,39
5646,39
5647,39
5648,39
5649,39
5650,39
5651,39
5652,39
5653,39
5654,39
5655,39
5656,39
5657,39
5658,39
5659,39
5660,39
5661,39
5662,39
5663,39
5664,39
5665,39
5666,39
5667,39
5668,39
5669,39
5670,39
5671,39
5672,39
5673,39
5674,39
5675,39
5676,39
5677,39
5678,39
5679,39
5680,39
5681,39
5682,39
5683,39
5684,39
5685,39
5686,39
5687,39
5688,39
5689,39
5690,39
5691,39
5692,39
5693,39
5694,39
5695,39
5696,39
5697,39
5698,39
5699,39
5700,39
5701,39
5702,39
5703,39
5704,39
5705,39
5706,39
5707,39
5708,39
5709,39
5710,39
5711,39
5712,39
5713,39
5714,39
5715,39
5716,39
5717,39
5718,39
5719,39
5720,39
5721,39
5722,39
5723,39
5724,39
5725,39
5726,39
5727,39
5728,39
5729,39
5730,39
5731,39
5732,39
5733,39
5734,39
5735,39
5736,39
5737,39
5738,39
5739,39
5740,39
5741,39
5742,39
5743,39
5744,39
5745,39
5746,39
5747,39
5748,39
5749,39
5750,39
5751,39
5752,39
5753,39
5754,39
5755,39
5756,39
5757,39
5758,39
5759,39
5760,39
5761,39
5762,39
5763,39
5764,39
5765,39
5766,39
5767,39
5768,39
5769,39
5770,39
5771,39
5772,39
5773,39
5774,39
5775,39
5776,39
5777,39
5778,39
5779,39
5780,39
5781,39
5782,39
5783,39
5784,39
5785,39
5786,39
5787,39
5788,39
5789,39
5790,39
5791,39
5792,39
5793,39
5794,39
5795,39
5796,39
5797,39
5798,39
5799,39
5800,39
5801,39
5802,39
5803,39
5804,39
5805,39
5806,39
5807,39
5808,39
5809,39
5810,39
5811,39
5812,39
5813,39
5814,39
5815,39
5816,39
5817,39
5818,39
5819,39
5820,39
5821,39
5822,39
5823,39
5824,39
5825,39
5826,39
5827,39
5828,39
5829,39
5830,39
5831,39
5832,39
5833,39
5834,39
5835,39
5836,39
5837,39
5838,39
5839,39
5840,39
5841,39
5842,39
5843,39
5844,39
5845,39
5846,39
5847,39
5848,39
5849,39
5850,39
5851,39
5852,39
5853,39
5854,39
5855,39
5856,39
5857,39
5858,39
5859,39
5860,39
5861,39
5862,39
5863,39
5864,39
5865,39
5866,39
5867,39
5868,39
5869,39
5870,39
5871,39
5872,39
5873,39
5874,39
5875,39
5876,39
5877,39
5878,39
5879,39
5880,39
5881,39
5882,39
5883,39
5884,39
5885,39
5886,39
5887,39
5888,39
5889,39
5890,39
5891,39
5892,39
5893,39
5894,39
5895,39
5896,39
5897,39
5898,39
5899,39
5900,39
5901,39
5902,39
5903,39
5904,39
5905,39
5906,39
5907,39
5908,39
5909,39
5910,39
5911,39
5912,39
5913,39
5914,39
5915,39
5916,39
5917,39
5918,39
5919,39
5920,39
5921,39
5922,39
5923,39
5924,39
5925,39
5926,39
5927,39
5928,39
5929,39
5930,39
5931,39
5932,39
5933,39
5934,39
5935,39
5936,39
5937,39
5938,39
5939,39
5940,39
5941,39
5942,39
5943,39
5944,39
5945,39
5946,39
5947,39
5948,39
5949,39
5950,39
5951,39
5952,39
5953,39
5954,39
5955,39
5956,39
5957,39
5958,39
5959,39
5960,39
5961,39
5962,39
5963,39
5964,39
5965,39
5966,39
5967,39
5968,39
5969,39
5970,39
5971,39
5972,39
5973,39
5974,39
5975,39
5976,39
5977,39
5978,39
5979,39
5980,39
5981,39
5982,39
5983,39
5984,39
5985,39
5986,39
5987,39
5988,39
5989,39
5990,39
5991,39
5992,39
5993,39
5994,39
5995,39
5996,39
5997,39
5998,39
5999,39
6000,39
6001,39
6002,39
6003,39
6004,39
6005,39
6006,39
6007,39
6008,39
6009,39
6010,39
6011,39
6012,39
6013,39
6014,39
6015,39
6016,39
6017,39
6018,39
6019,39
6020,39
6021,39
6022,39
6023,39
6024,39
6025,39
6026,39
6027,39
6028,39
6029,39
6030,39
6031,39
6032,39
6033,39
6034,39
6035,39
6036,39
6037,39
6038,39
6039,39
6040,39
6041,39
6042,39
6043,39
6044,39
6045,39
6046,39
6047,39
6048,39
6049,39
6050,39
6051,39
6052,39
6053,39
6054,39
6055,39
6056,39
6057,39
6058,39
6059,39
6060,39
6061,39
6062,39
6063,39
6064,39
6065,39
6066,39
6067,39
6068,39
6069,39
6070,39
6071,39
6072,39
6073,39
6074,39
6075,39
6076,39
6077,39
6078,39
6079,39
6080,39
6081,39
6082,39
6083,39
6084,39
6085,39
6086,39
6087,39
6088,39
6089,39
6090,39
6091,39
6092,39
6093,39
6094,39
6095,39
6096,39
6097,39
6098,39
6099,39
6100,39
6101,39
6102,39
6103,39
6104,39
6105,39
6106,39
6107,39
6108,39
6109,39
6110,39
6111,39
6112,39
6113,39
6114,39
6115,39
6116,39
6117,39
6118,39
6119,39
6120,39
6121,39
6122,39
6123,39
6124,39
6125,39
6126,39
6127,39
6128,39
6129,39
6130,39
6131,39
6132,39
6133,39
6134,39
6135,39
6136,39
6137,39
6138,39
6139,39
6140,39
6141,39
6142,39
6143,39
6144,39
6145,39
6146,39
6147,39
6148,39
6149,39
6150,39
6151,39
6152,39
6153,39
6154,39
6155,39
6156,39
6157,39
6158,39
6159,39
6160,39
6161,39
6162,39
6163,39
6164,39
6165,39
6166,39
6167,39
6168,39
6169,39
6170,39
6171,39
6172,39
6173,39
6174,39
6175,39
6176,39
6177,39
6178,39
6179,39
6180,39
6181,39
6182,39
6183,39
6184,39
6185,39
6186,39
6187,39
6188,39
6189,39
6190,39
6191,39
6192,39
6193,39
6194,39
6195,39
6196,39
6197,39
6198,39
6199,39
6200,39
6201,39
6202,39
6203,39
6204,39
6205,39
6206,39
6207,39
6208,39
6209,39
6210,39
6211,39
6212,39
6213,39
6214,39
6215,39
6216,39
6217,39
6218,39
6219,39
6220,39
6221,39
6222,39
6223,39
6224,39
6225,39
6226,39
6227,39
6228,39
6229,39
6230,39
6231,39
6232,39
6233,39
6234,39
6235,39
6236,39
6237,39
6238,39
6239,39
6240,39
6241,39
6242,39
6243,39
6244,39
6245,39
6246,39
6247,39
6248,39
6249,39
6250,39
6251,39
6252,39
6253,39
6254,39
6255,39
6256,39
6257,39
6258,39
6259,39
6260,39
6261,39
6262,39
6263,39
6264,39
6265,39
6266,39
6267,39
6268,39
6269,39
6270,39
6271,39
6272,39
6273,39
6274,39
6275,39
6276,39
6277,39
6278,39
6279,39
6280,39
6281,39
6282,39
6283,39
6284,39
6285,39
6286,39
6287,39
6288,39
6289,39
6290,39
6291,39
6292,39
6293,39
6294,39
6295,39
6296,39
6297,39
6298,39
6299,39
6300,39
6301,39
6302,39
6303,39
6304,39
6305,39
6306,39
6307,39
6308,39
6309,39
6310,39
6311,39
6312,39
6313,39
6314,39
6315,39
6316,39
6317,39
6318,39
6319,39
6320,39
6321,39
6322,39
6323,39
6324,39
6325,39
6326,39
6327,39
6328,39
6329,39
6330,39
6331,39
6332,39
6333,39
6334,39
6335,39
6336,39
6337,39
6338,39
6339,39
6340,39
6341,39
6342,39
6343,39
6344,39
6345,39
6346,39
6347,39
6348,39
6349,39
6350,39
6351,39
6352,39
6353,39
6354,39
6355,39
6356,39
6357,39
6358,39
6359,39
6360,39
6361,39
6362,39
6363,39
6364,39
6365,39
6366,39
6367,39
6368,39
6369,39
6370,39
6371,39
6372,39
6373,39
6374,39
6375,39
6376,39
6377,39
6378,39
6379,39
6380,39
6381,39
6382,39
6383,39
6384,39
6385,39
6386,39
6387,39
6388,39
6389,39
6390,39
6391,39
6392,39
6393,39
6394,39
6395,39
6396,39
6397,39
6398,39
6399,39
6400,39
6401,39
6402,39
6403,39
6404,39
6405,39
6406,39
6407,39
6408,39
6409,39
6410,39
6411,39
6412,39
6413,39
6414,39
6415,39
6416,39
6417,39
6418,39
6419,39
6420,39
6421,39
6422,39
6423,39
6424,39
6425,39
6426,39
6427,39
6428,39
6429,39
6430,39
6431,39
6432,39
6433,39
6434,39
6435,39
6436,39
6437,39
6438,39
6439,39
6440,39
6441,39
6442,39
6443,39
6444,39
6445,39
6446,39
6447,39
6448,39
6449,39
6450,39
6451,39
6452,39
6453,39
6454,39
6455,39
6456,39
6457,39
6458,39
6459,39
6460,39
6461,39
6462,39
6463,39
6464,39
6465,39
6466,39
6467,39
6468,39
6469,39
6470,39
6471,39
6472,39
6473,39
6474,39
6475,39
6476,39
6477,39
6478,39
6479,39
6480,39
6481,39
6482,39
6483,39
6484,39
6485,39
6486,39
6487,39
6488,39
6489,39
6490,39
6491,39
6492,39
6493,39
6494,39
6495,39
6496,39
6497,39
6498,39
6499,39
6500,39
6501,39
6502,39
6503,39
6504,39
6505,39
6506,39
6507,39
6508,39
6509,39
6510,39
6511,39
6512,39
6513,39
6514,39
6515,39
6516,39
6517,39
6518,39
6519,39
6520,39
6521,39
6522,39
6523,39
6524,39
6525,39
6526,39
6527,39
6528,39
6529,39
6530,39
6531,39
6532,39
6533,39
6534,39
6535,39
6536,39
6537,39
6538,39
6539,39
6540,39
6541,39
6542,39
6543,39
6544,39
6545,39
6546,39
6547,39
6548,39
6549,39
6550,39
6551,39
6552,39
6553,39
6554,39
6555,39
6556,39
6557,39
6558,39
6559,39
6560,39
6561,39
6562,39
6563,39
6564,39
6565,39
6566,39
6567,39
6568,39
6569,39
6570,39
6571,39
6572,39
6573,39
6574,39
6575,39
6576,39
6577,39
6578,39
6579,39
6580,39
6581,39
6582,39
6583,39
6584,39
6585,39
6586,39
6587,39
6588,39
6589,39
6590,39
6591,39
6592,39
6593,39
6594,39
6595,39
6596,39
6597,39
6598,39
6599,39
6600,39
6601,39
6602,39
6603,39
6604,39
6605,39
6606,39
6607,39
6608,39
6609,39
6610,39
6611,39
6612,39
6613,39
6614,39
6615,39
6616,39
6617,39
6618,39
6619,39
6620,39
6621,39
6622,39
6623,39
6624,39
6625,39
6626,39
6627,39
6628,39
6629,39
6630,39
6631,39
6632,39
6633,39
6634,39
6635,39
6636,39
6637,39
6638,39
6639,39
6640,39
6641,39
6642,39
6643,39
6644,39
6645,39
6646,39
6647,39
6648,39
6649,39
6650,39
6651,39
6652,39
6653,39
6654,39
6655,39
6656,39
6657,39
6658,39
6659,39
6660,39
6661,39
6662,39
6663,39
6664,39
6665,39
6666,39
6667,39
6668,39
6669,39
6670,39
6671,39
6672,39
6673,39
6674,39
6675,39
6676,39
6677,39
6678,39
6679,39
6680,39
6681,39
6682,39
6683,39
6684,39
6685,39
6686,39
6687,39
6688,39
6689,39
6690,39
6691,39
6692,39
6693,39
6694,39
6695,39
6696,39
6697,39
6698,39
6699,39
6700,39
6701,39
6702,39
6703,39
6704,39
6705,39
6706,39
6707,39
6708,39
6709,39
6710,39
6711,39
6712,39
6713,39
6714,39
6715,39
6716,39
6717,39
6718,39
6719,39
6720,39
6721,39
6722,39
6723,39
6724,39
6725,39
6726,39
6727,39
6728,39
6729,39
6730,39
6731,39
6732,39
6733,39
6734,39
6735,39
6736,39
6737,39
6738,39
6739,39
6740,39
6741,39
6742,39
6743,39
6744,39
6745,39
6746,39
6747,39
6748,39
6749,39
6750,39
6751,39
6752,39
6753,39
6754,39
6755,39
6756,39
6757,39
6758,39
6759,39
6760,39
6761,39
6762,39
6763,39
6764,39
6765,39
6766,39
6767,39
6768,39
6769,39
6770,39
6771,39
6772,39
6773,39
6774,39
6775,39
6776,39
6777,39
6778,39
6779,39
6780,39
6781,39
6782,39
6783,39
6784,39
6785,39
6786,39
6787,39
6788,39
6789,39
6790,39
6791,39
6792,39
6793,39
6794,39
6795,39
6796,39
6797,39
6798,39
6799,39
6800,39
6801,39
6802,39
6803,39
6804,39
6805,39
6806,39
6807,39
6808,39
6809,39
6810,39
6811,39
6812,39
6813,39
6814,39
6815,39
6816,39
6817,39
6818,39
6819,39
6820,39
6821,39
6822,39
6823,39
6824,39
6825,39
6826,39
6827,39
6828,39
6829,39
6830,39
6831,39
6832,39
6833,39
6834,39
6835,39
6836,39
6837,39
6838,39
6839,39
6840,39
6841,39
6842,39
6843,39
6844,39
6845,39
6846,39
6847,39
6848,39
6849,39
6850,39
6851,39
6852,39
6853,39
6854,39
6855,39
6856,39
6857,39
6858,39
6859,39
6860,39
6861,39
6862,39
6863,39
6864,39
6865,39
6866,39
6867,39
6868,39
6869,39
6870,39
6871,39
6872,39
6873,39
6874,39
6875,39
6876,39
6877,39
6878,39
6879,39
6880,39
6881,39
6882,39
6883,39
6884,39
6885,39
6886,39
6887,39
6888,39
6889,39
6890,39
6891,39
6892,39
6893,39
6894,39
6895,39
6896,39
6897,39
6898,39
6899,39
6900,39
6901,39
6902,39
6903,39
6904,39
6905,39
6906,39
6907,39
6908,39
6909,39
6910,39
6911,39
6912,39
6913,39
6914,39
6915,39
6916,39
6917,39
6918,39
6919,39
6920,39
6921,39
6922,39
6923,39
6924,39
6925,39
6926,39
6927,39
6928,39
6929,39
6930,39
6931,39
6932,39
6933,39
6934,39
6935,39
6936,39
6937,39
6938,39
6939,39
6940,39
6941,39
6942,39
6943,39
6944,39
6945,39
6946,39
6947,39
6948,39
6949,39
6950,39
6951,39
6952,39
6953,39
6954,39
6955,39
6956,39
6957,39
6958,39
6959,39
6960,39
6961,39
6962,39
6963,39
6964,39
6965,39
6966,39
6967,39
6968,39
6969,39
6970,39
6971,39
6972,39
6973,39
6974,39
6975,39
6976,39
6977,39
6978,39
6979,39
6980,39
6981,39
6982,39
6983,39
6984,39
6985,39
6986,39
6987,39
6988,39
6989,39
6990,39
6991,39
6992,39
6993,39
6994,39
6995,39
6996,39
6997,39
6998,39
6999,39
7000,39
7001,39
7002,39
7003,39
7004,39
7005,39
7006,39
7007,39
7008,39
7009,39
7010,39
7011,39
7012,39
7013,39
7014,39
7015,39
7016,39
7017,39
7018,39
7019,39
7020,39
7021,39
7022,39
7023,39
7024,39
7025,39
7026,39
7027,39
7028,39
7029,39
7030,39
7031,39
7032,39
7033,39
7034,39
7035,39
7036,39
7037,39
7038,39
7039,39
7040,39
7041,39
7042,39
7043,39
7044,39
7045,39
7046,39
7047,39
7048,39
7049,39
7050,39
7051,39
7052,39
7053,39
7054,39
7055,39
7056,39
7057,39
7058,39
7059,39
7060,39
7061,39
7062,39
7063,39
7064,39
7065,39
7066,39
7067,39
7068,39
7069,39
7070,39
7071,39
7072,39
7073,39
7074,39
7075,39
7076,39
7077,39
7078,39
7079,39
7080,39
7081,39
7082,39
7083,39
7084,39
7085,39
7086,39
7087,39
7088,39
7089,39
7090,39
7091,39
7092,39
7093,39
7094,39
7095,39
7096,39
7097,39
7098,39
7099,39
7100,39
7101,39
7102,39
7103,39
7104,39
7105,39
7106,39
7107,39
7108,39
7109,39
7110,39
7111,39
7112,39
7113,39
7114,39
7115,39
7116,39
7117,39
7118,39
7119,39
7120,39
7121,39
7122,39
7123,39
7124,39
7125,39
7126,39
7127,39
7128,39
7129,39
7130,39
7131,39
7132,39
7133,39
7134,39
7135,39
7136,39
7137,39
7138,39
7139,39
7140,39
7141,39
7142,39
7143,39
7144,39
7145,39
7146,39
7147,39
7148,39
7149,39
7150,39
7151,39
7152,39
7153,39
7154,39
7155,39
7156,39
7157,39
7158,39
7159,39
7160,39
7161,39
7162,39
7163,39
7164,39
7165,39
7166,39
7167,39
7168,39
7169,39
7170,39
7171,39
7172,39
7173,39
7174,39
7175,39
7176,39
7177,39
7178,39
7179,39
7180,39
7181,39
7182,39
7183,39
7184,39
7185,39
7186,39
7187,39
7188,39
7189,39
7190,39
7191,39
7192,39
7193,39
7194,39
7195,39
7196,39
7197,39
7198,39
7199,39
7200,39
7201,39
7202,39
7203,39
7204,39
7205,39
7206,39
7207,39
7208,39
7209,39
7210,39
7211,39
7212,39
7213,39
7214,39
7215,39
7216,39
7217,39
7218,39
7219,39
7220,39
7221,39
7222,39
7223,39
7224,39
7225,39
7226,39
7227,39
7228,39
7229,39
7230,39
7231,39
7232,39
7233,39
7234,39
7235,39
7236,39
7237,39
7238,39
7239,39
7240,39
7241,39
7242,39
7243,39
7244,39
7245,39
7246,39
7247,39
7248,39
7249,39
7250,39
7251,39
7252,39
7253,39
7254,39
7255,39
7256,39
7257,39
7258,39
7259,39
7260,39
7261,39
7262,39
7263,39
7264,39
7265,39
7266,39
7267,39
7268,39
7269,39
7270,39
7271,39
7272,39
7273,39
7274,39
7275,39
7276,39
7277,39
7278,39
7279,39
7280,39
7281,39
7282,39
7283,39
7284,39
7285,39
7286,39
7287,39
7288,39
7289,39
7290,39
7291,39
7292,39
7293,39
7294,39
7295,39
7296,39
7297,39
7298,39
7299,39
7300,39
7301,39
7302,39
7303,39
7304,39
7305,39
7306,39
7307,39
7308,39
7309,39
7310,39
7311,39
7312,39
7313,39
7314,39
7315,39
7316,39
7317,39
7318,39
7319,39
7320,39
7321,39
7322,39
7323,39
7324,39
7325,39
7326,39
7327,39
7328,39
7329,39
7330,39
7331,39
7332,39
7333,39
7334,39
7335,39
7336,39
7337,39
7338,39
7339,39
7340,39
7341,39
7342,39
7343,39
7344,39
7345,39
7346,39
7347,39
7348,39
7349,39
7350,39
7351,39
7352,39
7353,39
7354,39
7355,39
7356,39
7357,39
7358,39
7359,39
7360,39
7361,39
7362,39
7363,39
7364,39
7365,39
7366,39
7367,39
7368,39
7369,39
7370,39
7371,39
7372,39
7373,39
7374,39
7375,39
7376,39
7377,39
7378,39
7379,39
7380,39
7381,39
7382,39
7383,39
7384,39
7385,39
7386,39
7387,39
7388,39
7389,39
7390,39
7391,39
7392,39
7393,39
7394,39
7395,39
7396,39
7397,39
7398,39
7399,39
7400,39
7401,39
7402,39
7403,39
7404,39
7405,39
7406,39
7407,39
7408,39
7409,39
7410,39
7411,39
7412,39
7413,39
7414,39
7415,39
7416,39
7417,39
7418,39
7419,39
7420,39
7421,39
7422,39
7423,39
7424,39
7425,39
7426,39
7427,39
7428,39
7429,39
7430,39
7431,39
7432,39
7433,39
7434,39
7435,39
7436,39
7437,39
7438,39
7439,39
7440,39
7441,39
7442,39
7443,39
7444,39
7445,39
7446,39
7447,39
7448,39
7449,39
7450,39
7451,39
7452,39
7453,39
7454,39
7455,39
7456,39
7457,39
7458,39
7459,39
7460,39
7461,39
7462,39
7463,39
7464,39
7465,39
7466,39
7467,39
7468,39
7469,39
7470,39
7471,39
7472,39
7473,39
7474,39
7475,39
7476,39
7477,39
7478,39
7479,39
7480,39
7481,39
7482,39
7483,39
7484,39
7485,39
7486,39
7487,39
7488,39
7489,39
7490,39
7491,39
7492,39
7493,39
7494,39
7495,39
7496,39
7497,39
7498,39
7499,39
7500,39
7501,39
7502,39
7503,39
7504,39
7505,39
7506,39
7507,39
7508,39
7509,39
7510,39
7511,39
7512,39
7513,39
7514,39
7515,39
7516,39
7517,39
7518,39
7519,39
7520,39
7521,39
7522,39
7523,39
7524,39
7525,39
7526,39
7527,39
7528,39
7529,39
7530,39
7531,39
7532,39
7533,39
7534,39
7535,39
7536,39
7537,39
7538,39
7539,39
7540,39
7541,39
7542,39
7543,39
7544,39
7545,39
7546,39
7547,39
7548,39
7549,39
7550,39
7551,39
7552,39
7553,39
7554,39
7555,39
7556,39
7557,39
7558,39
7559,39
7560,39
7561,39
7562,39
7563,39
7564,39
7565,39
7566,39
7567,39
7568,39
7569,39
7570,39
7571,39
7572,39
7573,39
7574,39
7575,39
7576,39
7577,39
7578,39
7579,39
7580,39
7581,39
7582,39
7583,39
7584,39
7585,39
7586,39
7587,39
7588,39
7589,39
7590,39
7591,39
7592,39
7593,39
7594,39
7595,39
7596,39
7597,39
7598,39
7599,39
7600,39
7601,39
7602,39
7603,39
7604,39
7605,39
7606,39
7607,39
7608,39
7609,39
7610,39
7611,39
7612,39
7613,39
7614,39
7615,39
7616,39
7617,39
7618,39
7619,39
7620,39
7621,39
7622,39
7623,39
7624,39
7625,39
7626,39
7627,39
7628,39
7629,39
7630,39
7631,39
7632,39
7633,39
7634,39
7635,39
7636,39
7637,39
7638,39
7639,39
7640,39
7641,39
7642,39
7643,39
7644,39
7645,39
7646,39
7647,39
7648,39
7649,39
7650,39
7651,39
7652,39
7653,39
7654,39
7655,39
7656,39
7657,39
7658,39
7659,39
7660,39
7661,39
7662,39
7663,39
7664,39
7665,39
7666,39
7667,39
7668,39
7669,39
7670,39
7671,39
7672,39
7673,39
7674,39
7675,39
7676,39
7677,39
7678,39
7679,39
7680,39
7681,39
7682,39
7683,39
7684,39
7685,39
7686,39
7687,39
7688,39
7689,39
7690,39
7691,39
7692,39
7693,39
7694,39
7695,39
7696,39
7697,39
7698,39
7699,39
7700,39
7701,39
7702,39
7703,39
7704,39
7705,39
7706,39
7707,39
7708,39
7709,39
7710,39
7711,39
7712,39
7713,39
7714,39
7715,39
7716,39
7717,39
7718,39
7719,39
7720,39
7721,39
7722,39
7723,39
7724,39
7725,39
7726,39
7727,39
7728,39
7729,39
7730,39
7731,39
7732,39
7733,39
7734,39
7735,39
7736,39
7737,39
7738,39
7739,39
7740,39
7741,39
7742,39
7743,39
7744,39
7745,39
7746,39
7747,39
7748,39
7749,39
7750,39
7751,39
7752,39
7753,39
7754,39
7755,39
7756,39
7757,39
7758,39
7759,39
7760,39
7761,39
7762,39
7763,39
7764,39
7765,39
7766,39
7767,39
7768,39
7769,39
7770,39
7771,39
7772,39
7773,39
7774,39
7775,39
7776,39
7777,39
7778,39
7779,39
7780,39
7781,39
7782,39
7783,39
7784,39
7785,39
7786,39
7787,39
7788,39
7789,39
7790,39
7791,39
7792,39
7793,39
7794,39
7795,39
7796,39
7797,39
7798,39
7799,39
7800,39
7801,39
7802,39
7803,39
7804,39
7805,39
7806,39
7807,39
7808,39
7809,39
7810,39
7811,39
7812,39
7813,39
7814,39
7815,39
7816,39
7817,39
7818,39
7819,39
7820,39
7821,39
7822,39
7823,39
7824,39
7825,39
7826,39
7827,39
7828,39
7829,39
7830,39
7831,39
7832,39
7833,39
7834,39
7835,39
7836,39
7837,39
7838,39
7839,39
7840,39
7841,39
7842,39
7843,39
7844,39
7845,39
7846,39
7847,39
7848,39
7849,39
7850,39
7851,39
7852,39
7853,39
7854,39
7855,39
7856,39
7857,39
7858,39
7859,39
7860,39
7861,39
7862,39
7863,39
7864,39
7865,39
7866,39
7867,39
7868,39
7869,39
7870,39
7871,39
7872,39
7873,39
7874,39
7875,39
7876,39
7877,39
7878,39
7879,39
7880,39
7881,39
7882,39
7883,39
7884,39
7885,39
7886,39
7887,39
7888,39
7889,39
7890,39
7891,39
7892,39
7893,39
7894,39
7895,39
7896,39
7897,39
7898,39
7899,39
7900,39
7901,39
7902,39
7903,39
7904,39
7905,39
7906,39
7907,39
7908,39
7909,39
7910,39
7911,39
7912,39
7913,39
7914,39
7915,39
7916,39
7917,39
7918,39
7919,39
7920,39
7921,39
7922,39
7923,39
7924,39
7925,39
7926,39
7927,39
7928,39
7929,39
7930,39
7931,39
7932,39
7933,39
7934,39
7935,39
7936,39
7937,39
7938,39
7939,39
7940,39
7941,39
7942,39
7943,39
7944,39
7945,39
7946,39
7947,39
7948,39
7949,39
7950,39
7951,39
7952,39
7953,39
7954,39
7955,39
7956,39
7957,39
7958,39
7959,39
7960,39
7961,39
7962,39
7963,39
7964,39
7965,39
7966,39
7967,39
7968,39
7969,39
7970,39
7971,39
7972,39
7973,39
7974,39
7975,39
7976,39
7977,39
7978,39
7979,39
7980,39
7981,39
7982,39
7983,39
7984,39
7985,39
7986,39
7987,39
7988,39
7989,39
7990,39
7991,39
7992,39
7993,39
7994,39
7995,39
7996,39
7997,39
7998,39
7999,39
8000,39
8001,39
8002,39
8003,39
8004,39
8005,39
8006,39
8007,39
8008,39
8009,39
8010,39
8011,39
8012,39
8013,39
8014,39
8015,39
8016,39
8017,39
8018,39
8019,39
8020,39
8021,39
8022,39
8023,39
8024,39
8025,39
8026,39
8027,39
8028,39
8029,39
8030,39
8031,39
8032,39
8033,39
8034,39
8035,39
8036,39
8037,39
8038,39
8039,39
8040,39
8041,39
8042,39
8043,39
8044,39
8045,39
8046,39
8047,39
8048,39
8049,39
8050,39
8051,39
8052,39
8053,39
8054,39
8055,39
8056,39
8057,39
8058,39
8059,39
8060,39
8061,39
8062,39
8063,39
8064,39
8065,39
8066,39
8067,39
8068,39
8069,39
8070,39
8071,39
8072,39
8073,39
8074,39
8075,39
8076,39
8077,39
8078,39
8079,39
8080,39
8081,39
8082,39
8083,39
8084,39
8085,39
8086,39
8087,39
8088,39
8089,39
8090,39
8091,39
8092,39
8093,39
8094,39
8095,39
8096,39
8097,39
8098,39
8099,39
8100,39
8101,39
8102,39
8103,39
8104,39
8105,39
8106,39
8107,39
8108,39
8109,39
8110,39
8111,39
8112,39
8113,39
8114,39
8115,39
8116,39
8117,39
8118,39
8119,39
8120,39
8121,39
8122,39
8123,39
8124,39
8125,39
8126,39
8127,39
8128,39
8129,39
8130,39
8131,39
8132,39
8133,39
8134,39
8135,39
8136,39
8137,39
8138,39
8139,39
8140,39
8141,39
8142,39
8143,39
8144,39
8145,39
8146,39
8147,39
8148,39
8149,39
8150,39
8151,39
8152,39
8153,39
8154,39
8155,39
8156,39
8157,39
8158,39
8159,39
8160,39
8161,39
8162,39
8163,39
8164,39
8165,39
8166,39
8167,39
8168,39
8169,39
8170,39
8171,39
8172,39
8173,39
8174,39
8175,39
8176,39
8177,39
8178,39
8179,39
8180,39
8181,39
8182,39
8183,39
8184,39
8185,39
8186,39
8187,39
8188,39
8189,39
8190,39
8191,39
8192,39
8193,39
8194,39
8195,39
8196,39
8197,39
8198,39
8199,39
8200,39
8201,39
8202,39
8203,39
8204,39
8205,39
8206,39
8207,39
8208,39
8209,39
8210,39
8211,39
8212,39
8213,39
8214,39
8215,39
8216,39
8217,39
8218,39
8219,39
8220,39
8221,39
8222,39
8223,39
8224,39
8225,39
8226,39
8227,39
8228,39
8229,39
8230,39
8231,39
8232,39
8233,39
8234,39
8235,39
8236,39
8237,39
8238,39
8239,39
8240,39
8241,39
8242,39
8243,39
8244,39
8245,39
8246,39
8247,39
8248,39
8249,39
8250,39
8251,39
8252,39
8253,39
8254,39
8255,39
8256,39
8257,39
8258,39
8259,39
8260,39
8261,39
8262,39
8263,39
8264,39
8265,39
8266,39
8267,39
8268,39
8269,39
8270,39
8271,39
8272,39
8273,39
8274,39
8275,39
8276,39
8277,39
8278,39
8279,39
8280,39
8281,39
8282,39
8283,39
8284,39
8285,39
8286,39
8287,39
8288,39
8289,39
8290,39
8291,39
8292,39
8293,39
8294,39
8295,39
8296,39
8297,39
8298,39
8299,39
8300,39
8301,39
8302,39
8303,39
8304,39
8305,39
8306,39
8307,39
8308,39
8309,39
8310,39
8311,39
8312,39
8313,39
8314,39
8315,39
8316,39
8317,39
8318,39
8319,39
8320,39
8321,39
8322,39
8323,39
8324,39
8325,39
8326,39
8327,39
8328,39
8329,39
8330,39
8331,39
8332,39
8333,39
8334,39
8335,39
8336,39
8337,39
8338,39
8339,39
8340,39
8341,39
8342,39
8343,39
8344,39
8345,39
8346,39
8347,39
8348,39
8349,39
8350,39
8351,39
8352,39
8353,39
8354,39
8355,39
8356,39
8357,39
8358,39
8359,39
8360,39
8361,39
8362,39
8363,39
8364,39
8365,39
8366,39
8367,39
8368,39
8369,39
8370,39
8371,39
8372,39
8373,39
8374,39
8375,39
8376,39
8377,39
8378,39
8379,39
8380,39
8381,39
8382,39
8383,39
8384,39
8385,39
8386,39
8387,39
8388,39
8389,39
8390,39
8391,39
8392,39
8393,39
8394,39
8395,39
8396,39
8397,39
8398,39
8399,39
8400,39
8401,39
8402,39
8403,39
8404,39
8405,39
8406,39
8407,39
8408,39
8409,39
8410,39
8411,39
8412,39
8413,39
8414,39
8415,39
8416,39
8417,39
8418,39
8419,39
8420,39
8421,39
8422,39
8423,39
8424,39
8425,39
8426,39
8427,39
8428,39
8429,39
8430,39
8431,39
8432,39
8433,39
8434,39
8435,39
8436,39
8437,39
8438,39
8439,39
8440,39
8441,39
8442,39
8443,39
8444,39
8445,39
8446,39
8447,39
8448,39
8449,39
8450,39
8451,39
8452,39
8453,39
8454,39
8455,39
8456,39
8457,39
8458,39
8459,39
8460,39
8461,39
8462,39
8463,39
8464,39
8465,39
8466,39
8467,39
8468,39
8469,39
8470,39
8471,39
8472,39
8473,39
8474,39
8475,39
8476,39
8477,39
8478,39
8479,39
8480,39
8481,39
8482,39
8483,39
8484,39
8485,39
8486,39
8487,39
8488,39
8489,39
8490,39
8491,39
8492,39
8493,39
8494,39
8495,39
8496,39
8497,39
8498,39
8499,39
8500,39
8501,39
8502,39
8503,39
8504,39
8505,39
8506,39
8507,39
8508,39
8509,39
8510,39
8511,39
8512,39
8513,39
8514,39
8515,39
8516,39
8517,39
8518,39
8519,39
8520,39
8521,39
8522,39
8523,39
8524,39
8525,39
8526,39
8527,39
8528,39
8529,39
8530,39
8531,39
8532,39
8533,39
8534,39
8535,39
8536,39
8537,39
8538,39
8539,39
8540,39
8541,39
8542,39
8543,39
8544,39
8545,39
8546,39
8547,39
8548,39
8549,39
8550,39
8551,39
8552,39
8553,39
8554,39
8555,39
8556,39
8557,39
8558,39
8559,39
8560,39
8561,39
8562,39
8563,39
8564,39
8565,39
8566,39
8567,39
8568,39
8569,39
8570,39
8571,39
8572,39
8573,39
8574,39
8575,39
8576,39
8577,39
8578,39
8579,39
8580,39
8581,39
8582,39
8583,39
8584,39
8585,39
8586,39
8587,39
8588,39
8589,39
8590,39
8591,39
8592,39
8593,39
8594,39
8595,39
8596,39
8597,39
8598,39
8599,39
8600,39
8601,39
8602,39
8603,39
8604,39
8605,39
8606,39
8607,39
8608,39
8609,39
8610,39
8611,39
8612,39
8613,39
8614,39
8615,39
8616,39
8617,39
8618,39
8619,39
8620,39
8621,39
8622,39
8623,39
8624,39
8625,39
8626,39
8627,39
8628,39
8629,39
8630,39
8631,39
8632,39
8633,39
8634,39
8635,39
8636,39
8637,39
8638,39
8639,39
8640,39
8641,39
8642,39
8643,39
8644,39
8645,39
8646,39
8647,39
8648,39
8649,39
8650,39
8651,39
8652,39
8653,39
8654,39
8655,39
8656,39
8657,39
8658,39
8659,39
8660,39
8661,39
8662,39
8663,39
8664,39
8665,39
8666,39
8667,39
8668,39
8669,39
8670,39
8671,39
8672,39
8673,39
8674,39
8675,39
8676,39
8677,39
8678,39
8679,39
8680,39
8681,39
8682,39
8683,39
8684,39
8685,39
8686,39
8687,39
8688,39
8689,39
8690,39
8691,39
8692,39
8693,39
8694,39
8695,39
8696,39
8697,39
8698,39
8699,39
8700,39
8701,39
8702,39
8703,39
8704,39
8705,39
8706,39
8707,39
8708,39
8709,39
8710,39
8711,39
8712,39
8713,39
8714,39
8715,39
8716,39
8717,39
8718,39
8719,39
8720,39
8721,39
8722,39
8723,39
8724,39
8725,39
8726,39
8727,39
8728,39
8729,39
8730,39
8731,39
8732,39
8733,39
8734,39
8735,39
8736,39
8737,39
8738,39
8739,39
8740,39
8741,39
8742,39
8743,39
8744,39
8745,39
8746,39
8747,39
8748,39
8749,39
8750,39
8751,39
8752,39
8753,39
8754,39
8755,39
8756,39
8757,39
8758,39
8759,39
8760,39
8761,39
8762,39
8763,39
8764,39
8765,39
8766,39
8767,39
8768,39
8769,39
8770,39
8771,39
8772,39
8773,39
8774,39
8775,39
8776,39
8777,39
8778,39
8779,39
8780,39
8781,39
8782,39
8783,39
8784,39
8785,39
8786,39
8787,39
8788,39
8789,39
8790,39
8791,39
8792,39
8793,39
8794,39
8795,39
8796,39
8797,39
8798,39
8799,39
8800,39
8801,39
8802,39
8803,39
8804,39
8805,39
8806,39
8807,39
8808,39
8809,39
8810,39
8811,39
8812,39
8813,39
8814,39
8815,39
8816,39
8817,39
8818,39
8819,39
8820,39
8821,39
8822,39
8823,39
8824,39
8825,39
8826,39
8827,39
8828,39
8829,39
8830,39
8831,39
8832,39
8833,39
8834,39
8835,39
8836,39
8837,39
8838,39
8839,39
8840,39
8841,39
8842,39
8843,39
8844,39
8845,39
8846,39
8847,39
8848,39
8849,39
8850,39
8851,39
8852,39
8853,39
8854,39
8855,39
8856,39
8857,39
8858,39
8859,39
8860,39
8861,39
8862,39
8863,39
8864,39
8865,39
8866,39
8867,39
8868,39
8869,39
8870,39
8871,39
8872,39
8873,39
8874,39
8875,39
8876,39
8877,39
8878,39
8879,39
8880,39
8881,39
8882,39
8883,39
8884,39
8885,39
8886,39
8887,39
8888,39
8889,39
8890,39
8891,39
8892,39
8893,39
8894,39
8895,39
8896,39
8897,39
8898,39
8899,39
8900,39
8901,39
8902,39
8903,39
8904,39
8905,39
8906,39
8907,39
8908,39
8909,39
8910,39
8911,39
8912,39
8913,39
8914,39
8915,39
8916,39
8917,39
8918,39
8919,39
8920,39
8921,39
8922,39
8923,39
8924,39
8925,39
8926,39
8927,39
8928,39
8929,39
8930,39
8931,39
8932,39
8933,39
8934,39
8935,39
8936,39
8937,39
8938,39
8939,39
8940,39
8941,39
8942,39
8943,39
8944,39
8945,39
8946,39
8947,39
8948,39
8949,39
8950,39
8951,39
8952,39
8953,39
8954,39
8955,39
8956,39
8957,39
8958,39
8959,39
8960,39
8961,39
8962,39
8963,39
8964,39
8965,39
8966,39
8967,39
8968,39
8969,39
8970,39
8971,39
8972,39
8973,39
8974,39
8975,39
8976,39
8977,39
8978,39
8979,39
8980,39
8981,39
8982,39
8983,39
8984,39
8985,39
8986,39
8987,39
8988,39
8989,39
8990,39
8991,39
8992,39
8993,39
8994,39
8995,39
8996,39
8997,39
8998,39
8999,39
9000,39
9001,39
9002,39
9003,39
9004,39
9005,39
9006,39
9007,39
9008,39
9009,39
9010,39
9011,39
9012,39
9013,39
9014,39
9015,39
9016,39
9017,39
9018,39
9019,39
9020,39
9021,39
9022,39
9023,39
9024,39
9025,39
9026,39
9027,39
9028,39
9029,39
9030,39
9031,39
9032,39
9033,39
9034,39
9035,39
9036,39
9037,39
9038,39
9039,39
9040,39
9041,39
9042,39
9043,39
9044,39
9045,39
9046,39
9047,39
9048,39
9049,39
9050,39
9051,39
9052,39
9053,39
9054,39
9055,39
9056,39
9057,39
9058,39
9059,39
9060,39
9061,39
9062,39
9063,39
9064,39
9065,39
9066,39
9067,39
9068,39
9069,39
9070,39
9071,39
9072,39
9073,39
9074,39
9075,39
9076,39
9077,39
9078,39
9079,39
9080,39
9081,39
9082,39
9083,39
9084,39
9085,39
9086,39
9087,39
9088,39
9089,39
9090,39
9091,39
9092,39
9093,39
9094,39
9095,39
9096,39
9097,39
9098,39
9099,39
9100,39
9101,39
9102,39
9103,39
9104,39
9105,39
9106,39
9107,39
9108,39
9109,39
9110,39
9111,39
9112,39
9113,39
9114,39
9115,39
9116,39
9117,39
9118,39
9119,39
9120,39
9121,39
9122,39
9123,39
9124,39
9125,39
9126,39
9127,39
9128,39
9129,39
9130,39
9131,39
9132,39
9133,39
9134,39
9135,39
9136,39
9137,39
9138,39
9139,39
9140,39
9141,39
9142,39
9143,39
9144,39
9145,39
9146,39
9147,39
9148,39
9149,39
9150,39
9151,39
9152,39
9153,39
9154,39
9155,39
9156,39
9157,39
9158,39
9159,39
9160,39
9161,39
9162,39
9163,39
9164,39
9165,39
9166,39
9167,39
9168,39
9169,39
9170,39
9171,39
9172,39
9173,39
9174,39
9175,39
9176,39
9177,39
9178,39
9179,39
9180,39
9181,39
9182,39
9183,39
9184,39
9185,39
9186,39
9187,39
9188,39
9189,39
9190,39
9191,39
9192,39
9193,39
9194,39
9195,39
9196,39
9197,39
9198,39
9199,39
9200,39
9201,39
9202,39
9203,39
9204,39
9205,39
9206,39
9207,39
9208,39
9209,39
9210,39
9211,39
9212,39
9213,39
9214,39
9215,39
9216,39
9217,39
9218,39
9219,39
9220,39
9221,39
9222,39
9223,39
9224,39
9225,39
9226,39
9227,39
9228,39
9229,39
9230,39
9231,39
9232,39
9233,39
9234,39
9235,39
9236,39
9237,39
9238,39
9239,39
9240,39
9241,39
9242,39
9243,39
9244,39
9245,39
9246,39
9247,39
9248,39
9249,39
9250,39
9251,39
9252,39
9253,39
9254,39
9255,39
9256,39
9257,39
9258,39
9259,39
9260,39
9261,39
9262,39
9263,39
9264,39
9265,39
9266,39
9267,39
9268,39
9269,39
9270,39
9271,39
9272,39
9273,39
9274,39
9275,39
9276,39
9277,39
9278,39
9279,39
9280,39
9281,39
9282,39
9283,39
9284,39
9285,39
9286,39
9287,39
9288,39
9289,39
9290,39
9291,39
9292,39
9293,39
9294,39
9295,39
9296,39
9297,39
9298,39
9299,39
9300,39
9301,39
9302,39
9303,39
9304,39
9305,39
9306,39
9307,39
9308,39
9309,39
9310,39
9311,39
9312,39
9313,39
9314,39
9315,39
9316,39
9317,39
9318,39
9319,39
9320,39
9321,39
9322,39
9323,39
9324,39
9325,39
9326,39
9327,39
9328,39
9329,39
9330,39
9331,39
9332,39
9333,39
9334,39
9335,39
9336,39
9337,39
9338,39
9339,39
9340,39
9341,39
9342,39
9343,39
9344,39
9345,39
9346,39
9347,39
9348,39
9349,39
9350,39
9351,39
9352,39
9353,39
9354,39
9355,39
9356,39
9357,39
9358,39
9359,39
9360,39
9361,39
9362,39
9363,39
9364,39
9365,39
9366,39
9367,39
9368,39
9369,39
9370,39
9371,39
9372,39
9373,39
9374,39
9375,39
9376,39
9377,39
9378,39
9379,39
9380,39
9381,39
9382,39
9383,39
9384,39
9385,39
9386,39
9387,39
9388,39
9389,39
9390,39
9391,39
9392,39
9393,39
9394,39
9395,39
9396,39
9397,39
9398,39
9399,39
9400,39
9401,39
9402,39
9403,39
9404,39
9405,39
9406,39
9407,39
9408,39
9409,39
9410,39
9411,39
9412,39
9413,39
9414,39
9415,39
9416,39
9417,39
9418,39
9419,39
9420,39
9421,39
9422,39
9423,39
9424,39
9425,39
9426,39
9427,39
9428,39
9429,39
9430,39
9431,39
9432,39
9433,39
9434,39
9435,39
9436,39
9437,39
9438,39
9439,39
9440,39
9441,39
9442,39
9443,39
9444,39
9445,39
9446,39
9447,39
9448,39
9449,39
9450,39
9451,39
9452,39
9453,39
9454,39
9455,39
9456,39
9457,39
9458,39
9459,39
9460,39
9461,39
9462,39
9463,39
9464,39
9465,39
9466,39
9467,39
9468,39
9469,39
9470,39
9471,39
9472,39
9473,39
9474,39
9475,39
9476,39
9477,39
9478,39
9479,39
9480,39
9481,39
9482,39
9483,39
9484,39
9485,39
9486,39
9487,39
9488,39
9489,39
9490,39
9491,39
9492,39
9493,39
9494,39
9495,39
9496,39
9497,39
9498,39
9499,39
9500,39
9501,39
9502,39
9503,39
9504,39
9505,39
9506,39
9507,39
9508,39
9509,39
9510,39
9511,39
9512,39
9513,39
9514,39
9515,39
9516,39
9517,39
9518,39
9519,39
9520,39
9521,39
9522,39
9523,39
9524,39
9525,39
9526,39
9527,39
9528,39
9529,39
9530,39
9531,39
9532,39
9533,39
9534,39
9535,39
9536,39
9537,39
9538,39
9539,39
9540,39
9541,39
9542,39
9543,39
9544,39
9545,39
9546,39
9547,39
9548,39
9549,39
9550,39
9551,39
9552,39
9553,39
9554,39
9555,39
9556,39
9557,39
9558,39
9559,39
9560,39
9561,39
9562,39
9563,39
9564,39
9565,39
9566,39
9567,39
9568,39
9569,39
9570,39
9571,39
9572,39
9573,39
9574,39
9575,39
9576,39
9577,39
9578,39
9579,39
9580,39
9581,39
9582,39
9583,39
9584,39
9585,39
9586,39
9587,39
9588,39
9589,39
9590,39
9591,39
9592,39
9593,39
9594,39
9595,39
9596,39
9597,39
9598,39
9599,39
9600,39
9601,39
9602,39
9603,39
9604,39
9605,39
9606,39
9607,39
9608,39
9609,39
9610,39
9611,39
9612,39
9613,39
9614,39
9615,39
9616,39
9617,39
9618,39
9619,39
9620,39
9621,39
9622,39
9623,39
9624,39
9625,39
9626,39
9627,39
9628,39
9629,39
9630,39
9631,39
9632,39
9633,39
9634,39
9635,39
9636,39
9637,39
9638,39
9639,39
9640,39
9641,39
9642,39
9643,39
9644,39
9645,39
9646,39
9647,39
9648,39
9649,39
9650,39
9651,39
9652,39
9653,39
9654,39
9655,39
9656,39
9657,39
9658,39
9659,39
9660,39
9661,39
9662,39
9663,39
9664,39
9665,39
9666,39
9667,39
9668,39
9669,39
9670,39
9671,39
9672,39
9673,39
9674,39
9675,39
9676,39
9677,39
9678,39
9679,39
9680,39
9681,39
9682,39
9683,39
9684,39
9685,39
9686,39
9687,39
9688,39
9689,39
9690,39
9691,39
9692,39
9693,39
9694,39
9695,39
9696,39
9697,39
9698,39
9699,39
9700,39
9701,39
9702,39
9703,39
9704,39
9705,39
9706,39
9707,39
9708,39
9709,39
9710,39
9711,39
9712,39
9713,39
9714,39
9715,39
9716,39
9717,39
9718,39
9719,39
9720,39
9721,39
9722,39
9723,39
9724,39
9725,39
9726,39
9727,39
9728,39
9729,39
9730,39
9731,39
9732,39
9733,39
9734,39
9735,39
9736,39
9737,39
9738,39
9739,39
9740,39
9741,39
9742,39
9743,39
9744,39
9745,39
9746,39
9747,39
9748,39
9749,39
9750,39
9751,39
9752,39
9753,39
9754,39
9755,39
9756,39
9757,39
9758,39
9759,39
9760,39
9761,39
9762,39
9763,39
9764,39
9765,39
9766,39
9767,39
9768,39
9769,39
9770,39
9771,39
9772,39
9773,39
9774,39
9775,39
9776,39
9777,39
9778,39
9779,39
9780,39
9781,39
9782,39
9783,39
9784,39
9785,39
9786,39
9787,39
9788,39
9789,39
9790,39
9791,39
9792,39
9793,39
9794,39
9795,39
9796,39
9797,39
9798,39
9799,39
9800,39
9801,39
9802,39
9803,39
9804,39
9805,39
9806,39
9807,39
9808,39
9809,39
9810,39
9811,39
9812,39
9813,39
9814,39
9815,39
9816,39
9817,39
9818,39
9819,39
9820,39
9821,39
9822,39
9823,39
9824,39
9825,39
9826,39
9827,39
9828,39
9829,39
9830,39
9831,39
9832,39
9833,39
9834,39
9835,39
9836,39
9837,39
9838,39
9839,39
9840,39
9841,39
9842,39
9843,39
9844,39
9845,39
9846,39
9847,39
9848,39
9849,39
9850,39
9851,39
9852,39
9853,39
9854,39
9855,39
9856,39
9857,39
9858,39
9859,39
9860,39
9861,39
9862,39
9863,39
9864,39
9865,39
9866,39
9867,39
9868,39
9869,39
9870,39
9871,39
9872,39
9873,39
9874,39
9875,39
9876,39
9877,39
9878,39
9879,39
9880,39
9881,39
9882,39
9883,39
9884,39
9885,39
9886,39
9887,39
9888,39
9889,39
9890,39
9891,39
9892,39
9893,39
9894,39
9895,39
9896,39
9897,39
9898,39
9899,39
9900,39
9901,39
9902,39
9903,39
9904,39
9905,39
9906,39
9907,39
9908,39
9909,39
9910,39
9911,39
9912,39
9913,39
9914,39
9915,39
9916,39
9917,39
9918,39
9919,39
9920,39
9921,39
9922,39
9923,39
9924,39
9925,39
9926,39
9927,39
9928,39
9929,39
9930,39
9931,39
9932,39
9933,39
9934,39
9935,39
9936,39
9937,39
9938,39
9939,39
9940,39
9941,39
9942,39
9943,39
9944,39
9945,39
9946,39
9947,39
9948,39
9949,39
9950,39
9951,39
9952,39
9953,39
9954,39
9955,39
9956,39
9957,39
9958,39
9959,39
9960,39
9961,39
9962,39
9963,39
9964,39
9965,39
9966,39
9967,39
9968,39
9969,39
9970,39
9971,39
9972,39
9973,39
9974,39
9975,39
9976,39
9977,39
9978,39
9979,39
9980,39
9981,39
9982,39
9983,39
9984,39
9985,39
9986,39
9987,39
9988,39
9989,39
9990,39
9991,39
9992,39
9993,39
9994,39
9995,39
9996,39
9997,39
9998,39
9999,39
10000,39
10001,39
10002,39
10003,39
10004,39
10005,39
10006,39
10007,39
10008,39
10009,39
10010,39
10011,39
10012,39
10013,39
10014,39
10015,39
10016,39
10017,39
10018,39
10019,39
10020,39
10021,39
10022,39
10023,39
10024,39
10025,39
10026,39
10027,39
10028,39
10029,39
10030,39
10031,39
10032,39
10033,39
10034,39
10035,39
10036,39
10037,39
10038,39
10039,39
10040,39
10041,39
10042,39
10043,39
10044,39
10045,39
10046,39
10047,39
10048,39
10049,39
10050,39
10051,39
10052,39
10053,39
10054,39
10055,39
10056,39
10057,39
10058,39
10059,39
10060,39
10061,39
10062,39
10063,39
10064,39
10065,39
10066,39
10067,39
10068,39
10069,39
10070,39
10071,39
10072,39
10073,39
10074,39
10075,39
10076,39
10077,39
10078,39
10079,39
10080,39
10081,39
10082,39
10083,39
10084,39
10085,39
10086,39
10087,39
10088,39
10089,39
10090,39
10091,39
10092,39
10093,39
10094,39
10095,39
10096,39
10097,39
10098,39
10099,39
10100,39
10101,39
10102,39
10103,39
10104,39
10105,39
10106,39
10107,39
10108,39
10109,39
10110,39
10111,39
10112,39
10113,39
10114,39
10115,39
10116,39
10117,39
10118,39
10119,39
10120,39
10121,39
10122,39
10123,39
10124,39
10125,39
10126,39
10127,39
10128,39
10129,39
10130,39
10131,39
10132,39
10133,39
10134,39
10135,39
10136,39
10137,39
10138,39
10139,39
10140,39
10141,39
10142,39
10143,39
10144,39
10145,39
10146,39
10147,39
10148,39
10149,39
10150,39
10151,39
10152,39
10153,39
10154,39
10155,39
10156,39
10157,39
10158,39
10159,39
10160,39
10161,39
10162,39
10163,39
10164,39
10165,39
10166,39
10167,39
10168,39
10169,39
10170,39
10171,39
10172,39
10173,39
10174,39
10175,39
10176,39
10177,39
10178,39
10179,39
10180,39
10181,39
10182,39
10183,39
10184,39
10185,39
10186,39
10187,39
10188,39
10189,39
10190,39
10191,39
10192,39
10193,39
10194,39
10195,39
10196,39
10197,39
10198,39
10199,39
10200,39
10201,39
10202,39
10203,39
10204,39
10205,39
10206,39
10207,39
10208,39
10209,39
10210,39
10211,39
10212,39
10213,39
10214,39
10215,39
10216,39
10217,39
10218,39
10219,39
10220,39
10221,39
10222,39
10223,39
10224,39
10225,39
10226,39
10227,39
10228,39
10229,39
10230,39
10231,39
10232,39
10233,39
10234,39
10235,39
10236,39
10237,39
10238,39
10239,39
10240,39
10241,39
10242,39
10243,39
10244,39
10245,39
10246,39
10247,39
10248,39
10249,39
10250,39
10251,39
10252,39
10253,39
10254,39
10255,39
10256,39
10257,39
10258,39
10259,39
10260,39
10261,39
10262,39
10263,39
10264,39
10265,39
10266,39
10267,39
10268,39
10269,39
10270,39
10271,39
10272,39
10273,39
10274,39
10275,39
10276,39
10277,39
10278,39
10279,39
10280,39
10281,39
10282,39
10283,39
10284,39
10285,39
10286,39
10287,39
10288,39
10289,39
10290,39
10291,39
10292,39
10293,39
10294,39
10295,39
10296,39
10297,39
10298,39
10299,39
10300,39
10301,39
10302,39
10303,39
10304,39
10305,39
10306,39
10307,39
10308,39
10309,39
10310,39
10311,39
10312,39
10313,39
10314,39
10315,39
10316,39
10317,39
10318,39
10319,39
10320,39
10321,39
10322,39
10323,39
10324,39
10325,39
10326,39
10327,39
10328,39
10329,39
10330,39
10331,39
10332,39
10333,39
10334,39
10335,39
10336,39
10337,39
10338,39
10339,39
10340,39
10341,39
10342,39
10343,39
10344,39
10345,39
10346,39
10347,39
10348,39
10349,39
10350,39
10351,39
10352,39
10353,39
10354,39
10355,39
10356,39
10357,39
10358,39
10359,39
10360,39
10361,39
10362,39
10363,39
10364,39
10365,39
10366,39
10367,39
10368,39
10369,39
10370,39
10371,39
10372,39
10373,39
10374,39
10375,39
10376,39
10377,39
10378,39
10379,39
10380,39
10381,39
10382,39
10383,39
10384,39
10385,39
10386,39
10387,39
10388,39
10389,39
10390,39
10391,39
10392,39
10393,39
10394,39
10395,39
10396,39
10397,39
10398,39
10399,39
10400,39
10401,39
10402,39
10403,39
10404,39
10405,39
10406,39
10407,39
10408,39
10409,39
10410,39
10411,39
10412,39
10413,39
10414,39
10415,39
10416,39
10417,39
10418,39
10419,39
10420,39
10421,39
10422,39
10423,39
10424,39
10425,39
10426,39
10427,39
10428,39
10429,39
10430,39
10431,39
10432,39
10433,39
10434,39
10435,39
10436,39
10437,39
10438,39
10439,39
10440,39
10441,39
10442,39
10443,39
10444,39
10445,39
10446,39
10447,39
10448,39
10449,39
10450,39
10451,39
10452,39
10453,39
10454,39
10455,39
10456,39
10457,39
10458,39
10459,39
10460,39
10461,39
10462,39
10463,39
10464,39
10465,39
10466,39
10467,39
10468,39
10469,39
10470,39
10471,39
10472,39
10473,39
10474,39
10475,39
10476,39
10477,39
10478,39
10479,39
10480,39
10481,39
10482,39
10483,39
10484,39
10485,39
10486,39
10487,39
10488,39
10489,39
10490,39
10491,39
10492,39
10493,39
10494,39
10495,39
10496,39
10497,39
10498,39
10499,39
10500,39
10501,39
10502,39
10503,39
10504,39
10505,39
10506,39
10507,39
10508,39
10509,39
10510,39
10511,39
10512,39
10513,39
10514,39
10515,39
10516,39
10517,39
10518,39
10519,39
10520,39
10521,39
10522,39
10523,39
10524,39
10525,39
10526,39
10527,39
10528,39
10529,39
10530,39
10531,39
10532,39
10533,39
10534,39
10535,39
10536,39
10537,39
10538,39
10539,39
10540,39
10541,39
10542,39
10543,39
10544,39
10545,39
10546,39
10547,39
10548,39
10549,39
10550,39
10551,39
10552,39
10553,39
10554,39
10555,39
10556,39
10557,39
10558,39
10559,39
10560,39
10561,39
10562,39
10563,39
10564,39
10565,39
10566,39
10567,39
10568,39
10569,39
10570,39
10571,39
10572,39
10573,39
10574,39
10575,39
10576,39
10577,39
10578,39
10579,39
10580,39
10581,39
10582,39
10583,39
10584,39
10585,39
10586,39
10587,39
10588,39
10589,39
10590,39
10591,39
10592,39
10593,39
10594,39
10595,39
10596,39
10597,39
10598,39
10599,39
10600,39
10601,39
10602,39
10603,39
10604,39
10605,39
10606,39
10607,39
10608,39
10609,39
10610,39
10611,39
10612,39
10613,39
10614,39
10615,39
10616,39
10617,39
10618,39
10619,39
10620,39
10621,39
10622,39
10623,39
10624,39
10625,39
10626,39
10627,39
10628,39
10629,39
10630,39
10631,39
10632,39
10633,39
10634,39
10635,39
10636,39
10637,39
10638,39
10639,39
10640,39
10641,39
10642,39
10643,39
10644,39
10645,39
10646,39
10647,39
10648,39
10649,39
10650,39
10651,39
10652,39
10653,39
10654,39
10655,39
10656,39
10657,39
10658,39
10659,39
10660,39
10661,39
10662,39
10663,39
10664,39
10665,39
10666,39
10667,39
10668,39
10669,39
10670,39
10671,39
10672,39
10673,39
10674,39
10675,39
10676,39
10677,39
10678,39
10679,39
10680,39
10681,39
10682,39
10683,39
10684,39
10685,39
10686,39
10687,39
10688,39
10689,39
10690,39
10691,39
10692,39
10693,39
10694,39
10695,39
10696,39
10697,39
10698,39
10699,39
10700,39
10701,39
10702,39
10703,39
10704,39
10705,39
10706,39
10707,39
10708,39
10709,39
10710,39
10711,39
10712,39
10713,39
10714,39
10715,39
10716,39
10717,39
10718,39
10719,39
10720,39
10721,39
10722,39
10723,39
10724,39
10725,39
10726,39
10727,39
10728,39
10729,39
10730,39
10731,39
10732,39
10733,39
10734,39
10735,39
10736,39
10737,39
10738,39
10739,39
10740,39
10741,39
10742,39
10743,39
10744,39
10745,39
10746,39
10747,39
10748,39
10749,39
10750,39
10751,39
10752,39
10753,39
10754,39
10755,39
10756,39
10757,39
10758,39
10759,39
10760,39
10761,39
10762,39
10763,39
10764,39
10765,39
10766,39
10767,39
10768,39
10769,39
10770,39
10771,39
10772,39
10773,39
10774,39
10775,39
10776,39
10777,39
10778,39
10779,39
10780,39
10781,39
10782,39
10783,39
10784,39
10785,39
10786,39
10787,39
10788,39
10789,39
10790,39
10791,39
10792,39
10793,39
10794,39
10795,39
10796,39
10797,39
10798,39
10799,39
10800,39
10801,39
10802,39
10803,39
10804,39
10805,39
10806,39
10807,39
10808,39
10809,39
10810,39
10811,39
10812,39
10813,39
10814,39
10815,39
10816,39
10817,39
10818,39
10819,39
10820,39
10821,39
10822,39
10823,39
10824,39
10825,39
10826,39
10827,39
10828,39
10829,39
10830,39
10831,39
10832,39
10833,39
10834,39
10835,39
10836,39
10837,39
10838,39
10839,39
10840,39
10841,39
10842,39
10843,39
10844,39
10845,39
10846,39
10847,39
10848,39
10849,39
10850,39
10851,39
10852,39
10853,39
10854,39
10855,39
10856,39
10857,39
10858,39
10859,39
10860,39
10861,39
10862,39
10863,39
10864,39
10865,39
10866,39
10867,39
10868,39
10869,39
10870,39
10871,39
10872,39
10873,39
10874,39
10875,39
10876,39
10877,39
10878,39
10879,39
10880,39
10881,39
10882,39
10883,39
10884,39
10885,39
10886,39
10887,39
10888,39
10889,39
10890,39
10891,39
10892,39
10893,39
10894,39
10895,39
10896,39
10897,39
10898,39
10899,39
10900,39
10901,39
10902,39
10903,39
10904,39
10905,39
10906,39
10907,39
10908,39
10909,39
10910,39
10911,39
10912,39
10913,39
10914,39
10915,39
10916,39
10917,39
10918,39
10919,39
10920,39
10921,39
10922,39
10923,39
10924,39
10925,39
10926,39
10927,39
10928,39
10929,39
10930,39
10931,39
10932,39
10933,39
10934,39
10935,39
10936,39
10937,39
10938,39
10939,39
10940,39
10941,39
10942,39
10943,39
10944,39
10945,39
10946,39
10947,39
10948,39
10949,39
10950,39
10951,39
10952,39
10953,39
10954,39
10955,39
10956,39
10957,39
10958,39
10959,39
10960,39
10961,39
10962,39
10963,39
10964,39
10965,39
10966,39
10967,39
10968,39
10969,39
10970,39
10971,39
10972,39
10973,39
10974,39
10975,39
10976,39
10977,39
10978,39
10979,39
10980,39
10981,39
10982,39
10983,39
10984,39
10985,39
10986,39
10987,39
10988,39
10989,39
10990,39
10991,39
10992,39
10993,39
10994,39
10995,39
10996,39
10997,39
10998,39
10999,39
