0,64
1,64
2,64
3,63
4,63
5,63
6,63
7,63
8,63
9,63
10,63
11,63
12,62
13,62
14,62
15,62
16,61
17,61
18,61
19,61
20,61
21,61
22,61
23,61
24,61
25,61
26,61
27,61
28,61
29,61
30,61
31,61
32,60
33,60
34,60
35,60
36,60
37,60
38,59
39,59
40,59
41,59
42,59
43,59
44,59
45,59
46,59
47,59
48,59
49,59
50,59
51,59
52,59
53,58
54,58
55,57
56,57
57,57
58,57
59,57
60,57
61,57
62,56
63,56
64,56
65,56
66,56
67,56
68,56
69,56
70,56
71,56
72,56
73,56
74,56
75,56
76,56
77,56
78,56
79,56
80,56
81,56
82,56
83,56
84,55
85,55
86,55
87,55
88,55
89,55
90,55
91,55
92,55
93,55
94,55
95,55
96,55
97,55
98,55
99,55
100,55
101,55
102,55
103,55
104,55
105,55
106,55
107,55
108,55
109,55
110,55
111,55
112,55
113,55
114,55
115,55
116,55
117,55
118,55
119,55
120,55
121,55
122,55
123,55
124,55
125,55
126,55
127,55
128,55
129,55
130,55
131,55
132,55
133,55
134,55
135,55
136,55
137,55
138,55
139,55
140,55
141,55
142,55
143,55
144,55
145,55
146,55
147,55
148,54
149,53
150,53
151,53
152,53
153,53
154,53
155,53
156,53
157,53
158,53
159,53
160,53
161,53
162,53
163,53
164,53
165,53
166,53
167,53
168,53
169,53
170,53
171,53
172,53
173,53
174,53
175,53
176,53
177,53
178,53
179,53
180,53
181,53
182,53
183,53
184,53
185,53
186,53
187,53
188,53
189,53
190,53
191,53
192,53
193,53
194,52
195,52
196,52
197,52
198,52
199,52
200,52
201,52
202,52
203,52
204,52
205,52
206,52
207,52
208,52
209,52
210,52
211,52
212,52
213,52
214,52
215,52
216,52
217,52
218,52
219,52
220,52
221,51
222,51
223,51
224,51
225,51
226,51
227,51
228,51
229,51
230,51
231,51
232,51
233,51
234,51
235,51
236,51
237,51
238,51
239,51
240,51
241,51
242,51
243,51
244,51
245,51
246,51
247,51
248,51
249,51
250,51
251,51
252,51
253,51
254,51
255,51
256,51
257,51
258,51
259,51
260,51
261,51
262,51
263,51
264,51
265,51
266,51
267,51
268,51
269,51
270,51
271,51
272,51
273,51
274,51
275,51
276,51
277,51
278,51
279,51
280,51
281,51
282,51
283,51
284,51
285,51
286,51
287,51
288,51
289,51
290,51
291,51
292,51
293,51
294,51
295,51
296,51
297,51
298,51
299,51
300,51
301,51
302,51
303,51
304,51
305,51
306,51
307,51
308,51
309,51
310,51
311,51
312,51
313,51
314,51
315,51
316,51
317,51
318,51
319,51
320,51
321,51
322,51
323,51
324,51
325,51
326,51
327,51
328,51
329,51
330,51
331,51
332,51
333,51
334,51
335,51
336,51
337,51
338,51
339,51
340,51
341,51
342,51
343,51
344,51
345,51
346,51
347,51
348,51
349,51
350,51
351,51
352,51
353,51
354,51
355,51
356,51
357,51
358,51
359,51
360,51
361,51
362,51
363,51
364,51
365,51
366,51
367,51
368,51
369,51
370,51
371,51
372,51
373,51
374,51
375,51
376,51
377,51
378,51
379,51
380,51
381,51
382,51
383,51
384,51
385,51
386,51
387,51
388,51
389,51
390,51
391,51
392,51
393,51
394,51
395,51
396,51
397,51
398,51
399,51
400,51
401,51
402,51
403,51
404,51
405,51
406,51
407,51
408,51
409,51
410,51
411,51
412,51
413,51
414,51
415,51
416,51
417,51
418,51
419,51
420,51
421,51
422,51
423,51
424,51
425,51
426,51
427,51
428,51
429,51
430,51
431,51
432,51
433,51
434,51
435,51
436,51
437,51
438,51
439,51
440,51
441,51
442,51
443,51
444,51
445,51
446,51
447,51
448,51
449,51
450,51
451,51
452,51
453,51
454,51
455,51
456,51
457,51
458,51
459,51
460,51
461,51
462,51
463,51
464,51
465,51
466,51
467,51
468,51
469,51
470,51
471,51
472,51
473,51
474,51
475,51
476,51
477,51
478,51
479,51
480,51
481,51
482,51
483,51
484,51
485,51
486,51
487,51
488,51
489,51
490,51
491,51
492,51
493,51
494,51
495,51
496,51
497,51
498,51
499,51
500,51
501,51
502,51
503,51
504,51
505,51
506,51
507,51
508,51
509,50
510,50
511,50
512,50
513,50
514,50
515,50
516,50
517,50
518,50
519,50
520,50
521,50
522,50
523,50
524,50
525,50
526,50
527,50
528,50
529,50
530,50
531,50
532,50
533,50
534,50
535,50
536,50
537,50
538,50
539,50
540,50
541,50
542,50
543,50
544,50
545,50
546,50
547,50
548,50
549,50
550,50
551,50
552,50
553,50
554,50
555,50
556,50
557,50
558,50
559,50
560,50
561,50
562,50
563,50
564,50
565,50
566,50
567,50
568,50
569,50
570,50
571,50
572,50
573,50
574,50
575,50
576,50
577,50
578,50
579,50
580,50
581,50
582,50
583,50
584,50
585,50
586,50
587,50
588,50
589,50
590,50
591,50
592,50
593,50
594,50
595,50
596,50
597,50
598,50
599,50
600,50
601,50
602,50
603,50
604,50
605,50
606,50
607,50
608,50
609,50
610,50
611,50
612,50
613,50
614,50
615,50
616,50
617,50
618,50
619,50
620,50
621,50
622,50
623,50
624,50
625,50
626,50
627,50
628,50
629,50
630,50
631,50
632,50
633,50
634,50
635,50
636,50
637,50
638,50
639,50
640,50
641,50
642,50
643,50
644,50
645,50
646,50
647,50
648,50
649,50
650,50
651,50
652,50
653,50
654,50
655,50
656,50
657,50
658,50
659,50
660,50
661,50
662,50
663,50
664,50
665,50
666,50
667,50
668,50
669,50
670,50
671,50
672,50
673,50
674,50
675,50
676,50
677,50
678,50
679,50
680,50
681,50
682,50
683,50
684,50
685,50
686,50
687,50
688,50
689,50
690,50
691,50
692,50
693,50
694,50
695,50
696,50
697,50
698,50
699,50
700,50
701,50
702,50
703,50
704,50
705,50
706,50
707,50
708,50
709,50
710,50
711,50
712,50
713,49
714,49
715,49
716,49
717,49
718,49
719,49
720,49
721,49
722,49
723,49
724,49
725,49
726,49
727,49
728,49
729,49
730,49
731,49
732,49
733,49
734,49
735,49
736,49
737,49
738,49
739,49
740,49
741,49
742,49
743,49
744,49
745,49
746,49
747,49
748,49
749,49
750,49
751,49
752,49
753,49
754,49
755,49
756,49
757,49
758,49
759,49
760,49
761,49
762,49
763,49
764,49
765,49
766,49
767,49
768,49
769,49
770,49
771,49
772,49
773,49
774,49
775,49
776,49
777,49
778,49
779,49
780,49
781,49
782,49
783,49
784,49
785,49
786,49
787,49
788,49
789,49
790,49
791,49
792,49
793,49
794,49
795,49
796,49
797,49
798,49
799,49
800,49
801,49
802,49
803,49
804,49
805,49
806,49
807,49
808,49
809,49
810,49
811,49
812,49
813,49
814,49
815,49
816,49
817,49
818,49
819,49
820,49
821,49
822,49
823,49
824,49
825,49
826,49
827,49
828,49
829,49
830,49
831,49
832,49
833,49
834,49
835,49
836,49
837,49
838,49
839,49
840,49
841,49
842,49
843,49
844,49
845,49
846,49
847,49
848,49
849,49
850,49
851,49
852,49
853,49
854,49
855,49
856,49
857,49
858,49
859,49
860,49
861,49
862,49
863,49
864,49
865,49
866,49
867,49
868,49
869,49
870,49
871,49
872,49
873,49
874,49
875,49
876,49
877,49
878,49
879,49
880,49
881,49
882,49
883,49
884,49
885,49
886,49
887,49
888,49
889,49
890,49
891,49
892,49
893,49
894,49
895,49
896,49
897,49
898,49
899,49
900,49
901,49
902,49
903,49
904,49
905,49
906,49
907,49
908,49
909,49
910,49
911,49
912,49
913,49
914,49
915,49
916,49
917,49
918,49
919,49
920,49
921,49
922,49
923,49
924,49
925,49
926,49
927,49
928,49
929,49
930,49
931,49
932,49
933,49
934,49
935,49
936,49
937,49
938,49
939,49
940,49
941,49
942,49
943,49
944,49
945,49
946,49
947,49
948,49
949,49
950,49
951,49
952,49
953,49
954,49
955,49
956,49
957,49
958,49
959,49
960,49
961,49
962,49
963,49
964,49
965,49
966,49
967,49
968,49
969,49
970,49
971,49
972,49
973,49
974,49
975,49
976,49
977,49
978,49
979,49
980,49
981,49
982,49
983,49
984,48
985,48
986,48
987,48
988,48
989,48
990,48
991,48
992,48
993,48
994,48
995,48
996,48
997,48
998,48
999,48
1000,48
1001,48
1002,48
1003,48
1004,48
1005,48
1006,48
1007,48
1008,48
1009,48
1010,48
1011,48
1012,48
1013,48
1014,48
1015,48
1016,48
1017,48
1018,48
1019,48
1020,48
1021,48
1022,48
1023,48
1024,48
1025,48
1026,48
1027,48
1028,48
1029,48
1030,48
1031,48
1032,48
1033,48
1034,48
1035,48
1036,48
1037,48
1038,48
1039,48
1040,48
1041,48
1042,48
1043,48
1044,48
1045,48
1046,48
1047,48
1048,48
1049,48
1050,48
1051,48
1052,48
1053,48
1054,48
1055,48
1056,48
1057,48
1058,48
1059,48
1060,48
1061,48
1062,48
1063,48
1064,48
1065,48
1066,48
1067,48
1068,48
1069,48
1070,48
1071,48
1072,48
1073,48
1074,48
1075,48
1076,48
1077,48
1078,48
1079,48
1080,48
1081,48
1082,48
1083,48
1084,48
1085,48
1086,48
1087,48
1088,48
1089,48
1090,48
1091,48
1092,48
1093,48
1094,48
1095,48
1096,48
1097,48
1098,48
1099,48
1100,48
1101,48
1102,48
1103,48
1104,48
1105,48
1106,48
1107,48
1108,48
1109,48
1110,48
1111,48
1112,48
1113,48
1114,48
1115,48
1116,48
1117,48
1118,48
1119,48
1120,48
1121,48
1122,48
1123,48
1124,47
1125,47
1126,47
1127,47
1128,47
1129,47
1130,47
1131,47
1132,47
1133,47
1134,47
1135,47
1136,47
1137,47
1138,47
1139,47
1140,47
1141,47
1142,47
1143,47
1144,47
1145,47
1146,47
1147,47
1148,47
1149,47
1150,47
1151,47
1152,47
1153,47
1154,47
1155,47
1156,47
1157,47
1158,47
1159,47
1160,47
1161,47
1162,47
1163,47
1164,47
1165,47
1166,47
1167,47
1168,47
1169,47
1170,47
1171,47
1172,47
1173,47
1174,47
1175,47
1176,47
1177,47
1178,47
1179,47
1180,47
1181,47
1182,47
1183,47
1184,47
1185,47
1186,47
1187,47
1188,47
1189,47
1190,47
1191,47
1192,47
1193,47
1194,47
1195,47
1196,47
1197,47
1198,47
1199,47
1200,47
1201,47
1202,47
1203,47
1204,47
1205,47
1206,47
1207,47
1208,47
1209,47
1210,47
1211,47
1212,47
1213,47
1214,47
1215,47
1216,47
1217,47
1218,47
1219,47
1220,47
1221,47
1222,47
1223,47
1224,47
1225,47
1226,47
1227,47
1228,47
1229,47
1230,47
1231,47
1232,47
1233,47
1234,47
1235,47
1236,47
1237,47
1238,47
1239,47
1240,47
1241,47
1242,47
1243,47
1244,47
1245,47
1246,47
1247,47
1248,47
1249,47
1250,47
1251,47
1252,47
1253,47
1254,47
1255,47
1256,47
1257,47
1258,47
1259,47
1260,47
1261,47
1262,47
1263,47
1264,47
1265,47
1266,47
1267,47
1268,47
1269,47
1270,47
1271,47
1272,47
1273,47
1274,47
1275,47
1276,47
1277,47
1278,47
1279,47
1280,47
1281,47
1282,47
1283,47
1284,47
1285,47
1286,47
1287,47
1288,47
1289,47
1290,47
1291,47
1292,47
1293,47
1294,47
1295,47
1296,47
1297,47
1298,47
1299,47
1300,47
1301,47
1302,47
1303,47
1304,47
1305,47
1306,47
1307,47
1308,47
1309,47
1310,47
1311,47
1312,47
1313,47
1314,47
1315,47
1316,47
1317,47
1318,47
1319,47
1320,47
1321,47
1322,47
1323,47
1324,47
1325,47
1326,47
1327,47
1328,47
1329,47
1330,47
1331,47
1332,47
1333,47
1334,47
1335,47
1336,47
1337,47
1338,47
1339,47
1340,47
1341,47
1342,47
1343,47
1344,47
1345,47
1346,47
1347,47
1348,47
1349,47
1350,47
1351,47
1352,47
1353,47
1354,47
1355,47
1356,47
1357,47
1358,47
1359,47
1360,47
1361,47
1362,47
1363,47
1364,47
1365,47
1366,47
1367,47
1368,47
1369,47
1370,47
1371,47
1372,47
1373,47
1374,47
1375,47
1376,47
1377,47
1378,47
1379,47
1380,47
1381,47
1382,47
1383,47
1384,47
1385,47
1386,47
1387,47
1388,47
1389,47
1390,47
1391,47
1392,47
1393,47
1394,47
1395,47
1396,47
1397,47
1398,47
1399,47
1400,47
1401,47
1402,47
1403,47
1404,47
1405,47
1406,47
1407,47
1408,47
1409,47
1410,47
1411,47
1412,47
1413,47
1414,47
1415,47
1416,47
1417,47
1418,47
1419,47
1420,47
1421,47
1422,47
1423,47
1424,47
1425,47
1426,47
1427,47
1428,47
1429,47
1430,47
1431,47
1432,47
1433,47
1434,47
1435,47
1436,47
1437,47
1438,47
1439,47
1440,47
1441,47
1442,47
1443,47
1444,47
1445,47
1446,47
1447,47
1448,47
1449,47
1450,47
1451,47
1452,47
1453,47
1454,47
1455,47
1456,47
1457,47
1458,47
1459,47
1460,47
1461,47
1462,47
1463,47
1464,47
1465,47
1466,47
1467,47
1468,47
1469,47
1470,47
1471,47
1472,47
1473,47
1474,47
1475,47
1476,47
1477,47
1478,47
1479,47
1480,47
1481,47
1482,47
1483,47
1484,47
1485,47
1486,47
1487,47
1488,47
1489,47
1490,47
1491,47
1492,47
1493,47
1494,47
1495,47
1496,47
1497,47
1498,47
1499,47
1500,47
1501,47
1502,47
1503,47
1504,47
1505,47
1506,47
1507,47
1508,47
1509,47
1510,47
1511,47
1512,47
1513,47
1514,47
1515,47
1516,47
1517,47
1518,47
1519,47
1520,47
1521,47
1522,47
1523,47
1524,47
1525,47
1526,47
1527,47
1528,47
1529,47
1530,47
1531,47
1532,47
1533,47
1534,47
1535,47
1536,47
1537,47
1538,47
1539,47
1540,47
1541,47
1542,47
1543,47
1544,47
1545,47
1546,47
1547,47
1548,47
1549,47
1550,47
1551,47
1552,47
1553,47
1554,47
1555,47
1556,47
1557,47
1558,47
1559,47
1560,47
1561,47
1562,47
1563,47
1564,47
1565,47
1566,47
1567,47
1568,47
1569,47
1570,47
1571,47
1572,47
1573,47
1574,47
1575,47
1576,47
1577,47
1578,47
1579,47
1580,47
1581,47
1582,47
1583,47
1584,47
1585,47
1586,47
1587,47
1588,47
1589,47
1590,47
1591,47
1592,47
1593,47
1594,47
1595,47
1596,47
1597,47
1598,47
1599,47
1600,47
1601,47
1602,47
1603,47
1604,47
1605,47
1606,47
1607,47
1608,47
1609,47
1610,47
1611,47
1612,47
1613,47
1614,47
1615,47
1616,47
1617,47
1618,47
1619,47
1620,47
1621,47
1622,47
1623,47
1624,47
1625,47
1626,47
1627,47
1628,47
1629,47
1630,47
1631,47
1632,47
1633,46
1634,46
1635,46
1636,46
1637,46
1638,46
1639,46
1640,46
1641,46
1642,46
1643,46
1644,46
1645,46
1646,46
1647,46
1648,46
1649,46
1650,46
1651,46
1652,46
1653,46
1654,46
1655,46
1656,46
1657,46
1658,46
1659,46
1660,46
1661,46
1662,46
1663,46
1664,46
1665,46
1666,46
1667,46
1668,46
1669,46
1670,46
1671,46
1672,46
1673,46
1674,46
1675,46
1676,46
1677,46
1678,46
1679,46
1680,46
1681,46
1682,46
1683,46
1684,46
1685,46
1686,46
1687,46
1688,46
1689,46
1690,46
1691,46
1692,46
1693,46
1694,46
1695,46
1696,46
1697,46
1698,46
1699,46
1700,46
1701,46
1702,46
1703,46
1704,46
1705,46
1706,46
1707,46
1708,46
1709,46
1710,46
1711,46
1712,46
1713,46
1714,46
1715,46
1716,46
1717,46
1718,46
1719,46
1720,46
1721,46
1722,46
1723,46
1724,46
1725,46
1726,46
1727,46
1728,46
1729,46
1730,46
1731,46
1732,46
1733,46
1734,46
1735,46
1736,46
1737,46
1738,46
1739,46
1740,46
1741,46
1742,46
1743,46
1744,46
1745,46
1746,46
1747,46
1748,46
1749,46
1750,46
1751,46
1752,46
1753,46
1754,46
1755,46
1756,46
1757,46
1758,46
1759,46
1760,46
1761,46
1762,46
1763,46
1764,46
1765,46
1766,46
1767,46
1768,46
1769,46
1770,46
1771,46
1772,46
1773,46
1774,46
1775,46
1776,46
1777,46
1778,46
1779,46
1780,46
1781,46
1782,46
1783,46
1784,46
1785,46
1786,46
1787,46
1788,46
1789,46
1790,46
1791,46
1792,46
1793,46
1794,46
1795,46
1796,46
1797,46
1798,46
1799,46
1800,46
1801,46
1802,46
1803,46
1804,46
1805,46
1806,46
1807,46
1808,46
1809,46
1810,46
1811,46
1812,46
1813,46
1814,46
1815,46
1816,46
1817,46
1818,46
1819,46
1820,46
1821,46
1822,46
1823,46
1824,46
1825,46
1826,46
1827,46
1828,46
1829,46
1830,46
1831,46
1832,46
1833,46
1834,46
1835,46
1836,46
1837,46
1838,46
1839,46
1840,46
1841,46
1842,46
1843,46
1844,46
1845,46
1846,46
1847,46
1848,46
1849,46
1850,46
1851,46
1852,46
1853,46
1854,46
1855,46
1856,46
1857,46
1858,46
1859,46
1860,46
1861,46
1862,46
1863,46
1864,46
1865,46
1866,46
1867,46
1868,46
1869,46
1870,46
1871,46
1872,46
1873,46
1874,46
1875,46
1876,46
1877,46
1878,46
1879,46
1880,46
1881,46
1882,46
1883,46
1884,46
1885,46
1886,46
1887,46
1888,46
1889,46
1890,46
1891,46
1892,46
1893,46
1894,46
1895,46
1896,46
1897,46
1898,46
1899,46
1900,46
1901,46
1902,46
1903,46
1904,46
1905,46
1906,46
1907,46
1908,46
1909,46
1910,46
1911,46
1912,46
1913,46
1914,46
1915,46
1916,46
1917,46
1918,46
1919,46
1920,46
1921,46
1922,46
1923,46
1924,46
1925,46
1926,46
1927,46
1928,46
1929,46
1930,46
1931,46
1932,46
1933,46
1934,46
1935,46
1936,46
1937,46
1938,46
1939,46
1940,46
1941,46
1942,46
1943,46
1944,46
1945,46
1946,46
1947,46
1948,46
1949,46
1950,46
1951,46
1952,46
1953,46
1954,46
1955,46
1956,46
1957,46
1958,46
1959,46
1960,46
1961,46
1962,46
1963,46
1964,46
1965,46
1966,46
1967,46
1968,46
1969,46
1970,46
1971,46
1972,46
1973,46
1974,46
1975,46
1976,46
1977,46
1978,46
1979,46
1980,46
1981,46
1982,46
1983,46
1984,46
1985,46
1986,46
1987,46
1988,46
1989,46
1990,46
1991,46
1992,46
1993,46
1994,46
1995,46
1996,46
1997,46
1998,46
1999,46
2000,46
2001,46
2002,46
2003,46
2004,46
2005,46
2006,46
2007,46
2008,46
2009,46
2010,46
2011,46
2012,46
2013,46
2014,46
2015,46
2016,46
2017,46
2018,46
2019,46
2020,46
2021,46
2022,46
2023,46
2024,46
2025,46
2026,46
2027,46
2028,46
2029,46
2030,46
2031,46
2032,46
2033,46
2034,46
2035,46
2036,46
2037,46
2038,46
2039,46
2040,46
2041,46
2042,46
2043,46
2044,46
2045,46
2046,46
2047,46
2048,46
2049,46
2050,46
2051,46
2052,46
2053,46
2054,46
2055,46
2056,46
2057,46
2058,46
2059,46
2060,46
2061,46
2062,46
2063,46
2064,46
2065,46
2066,46
2067,46
2068,46
2069,46
2070,46
2071,46
2072,46
2073,46
2074,46
2075,46
2076,46
2077,46
2078,46
2079,46
2080,46
2081,46
2082,46
2083,46
2084,46
2085,46
2086,46
2087,46
2088,46
2089,46
2090,46
2091,46
2092,46
2093,46
2094,46
2095,46
2096,46
2097,46
2098,46
2099,46
2100,46
2101,46
2102,46
2103,46
2104,46
2105,46
2106,46
2107,46
2108,46
2109,46
2110,46
2111,46
2112,46
2113,46
2114,46
2115,46
2116,46
2117,46
2118,46
2119,46
2120,46
2121,46
2122,46
2123,46
2124,46
2125,46
2126,46
2127,46
2128,46
2129,46
2130,46
2131,46
2132,46
2133,46
2134,46
2135,46
2136,46
2137,46
2138,46
2139,46
2140,46
2141,46
2142,46
2143,46
2144,46
2145,46
2146,46
2147,46
2148,46
2149,46
2150,46
2151,46
2152,46
2153,46
2154,46
2155,46
2156,46
2157,46
2158,46
2159,46
2160,46
2161,46
2162,46
2163,46
2164,46
2165,46
2166,46
2167,46
2168,46
2169,46
2170,46
2171,46
2172,46
2173,46
2174,46
2175,46
2176,46
2177,46
2178,46
2179,46
2180,46
2181,46
2182,46
2183,46
2184,46
2185,46
2186,46
2187,46
2188,46
2189,46
2190,46
2191,46
2192,46
2193,46
2194,46
2195,46
2196,46
2197,46
2198,46
2199,46
2200,46
2201,46
2202,46
2203,46
2204,46
2205,46
2206,46
2207,46
2208,46
2209,46
2210,46
2211,46
2212,46
2213,46
2214,46
2215,46
2216,46
2217,46
2218,46
2219,46
2220,46
2221,46
2222,46
2223,46
2224,46
2225,46
2226,46
2227,46
2228,46
2229,46
2230,46
2231,46
2232,46
2233,46
2234,46
2235,46
2236,46
2237,46
2238,46
2239,46
2240,46
2241,46
2242,46
2243,46
2244,46
2245,46
2246,46
2247,46
2248,46
2249,46
2250,46
2251,46
2252,46
2253,46
2254,46
2255,46
2256,46
2257,46
2258,46
2259,46
2260,46
2261,46
2262,46
2263,46
2264,46
2265,46
2266,46
2267,46
2268,46
2269,46
2270,46
2271,46
2272,46
2273,46
2274,46
2275,46
2276,46
2277,46
2278,46
2279,46
2280,46
2281,46
2282,46
2283,46
2284,46
2285,46
2286,46
2287,46
2288,46
2289,46
2290,46
2291,46
2292,46
2293,46
2294,46
2295,46
2296,46
2297,46
2298,46
2299,46
2300,46
2301,46
2302,46
2303,46
2304,46
2305,46
2306,46
2307,46
2308,46
2309,46
2310,46
2311,46
2312,46
2313,46
2314,46
2315,46
2316,46
2317,46
2318,46
2319,46
2320,46
2321,46
2322,46
2323,46
2324,46
2325,46
2326,46
2327,46
2328,46
2329,46
2330,46
2331,46
2332,46
2333,46
2334,46
2335,46
2336,46
2337,46
2338,46
2339,46
2340,46
2341,46
2342,46
2343,46
2344,46
2345,46
2346,46
2347,46
2348,46
2349,46
2350,46
2351,46
2352,46
2353,46
2354,46
2355,46
2356,46
2357,46
2358,46
2359,46
2360,46
2361,46
2362,46
2363,46
2364,46
2365,46
2366,46
2367,46
2368,46
2369,46
2370,46
2371,46
2372,46
2373,46
2374,46
2375,46
2376,46
2377,46
2378,46
2379,46
2380,46
2381,46
2382,46
2383,46
2384,46
2385,46
2386,46
2387,46
2388,46
2389,46
2390,46
2391,46
2392,46
2393,46
2394,46
2395,46
2396,46
2397,46
2398,46
2399,46
2400,46
2401,46
2402,46
2403,46
2404,46
2405,46
2406,46
2407,46
2408,46
2409,46
2410,46
2411,46
2412,46
2413,46
2414,46
2415,46
2416,46
2417,46
2418,46
2419,46
2420,46
2421,46
2422,46
2423,46
2424,46
2425,46
2426,46
2427,46
2428,46
2429,46
2430,46
2431,46
2432,46
2433,46
2434,46
2435,46
2436,46
2437,46
2438,46
2439,46
2440,46
2441,46
2442,46
2443,46
2444,46
2445,46
2446,46
2447,46
2448,46
2449,46
2450,46
2451,46
2452,46
2453,46
2454,46
2455,46
2456,46
2457,46
2458,46
2459,46
2460,46
2461,46
2462,46
2463,46
2464,46
2465,46
2466,46
2467,46
2468,46
2469,46
2470,46
2471,46
2472,46
2473,46
2474,46
2475,46
2476,46
2477,46
2478,46
2479,46
2480,46
2481,46
2482,46
2483,46
2484,46
2485,46
2486,46
2487,46
2488,46
2489,46
2490,46
2491,46
2492,46
2493,46
2494,46
2495,46
2496,46
2497,46
2498,46
2499,46
2500,46
2501,46
2502,46
2503,46
2504,46
2505,46
2506,46
2507,46
2508,46
2509,46
2510,46
2511,46
2512,46
2513,46
2514,46
2515,46
2516,46
2517,46
2518,46
2519,46
2520,46
2521,46
2522,46
2523,46
2524,46
2525,46
2526,46
2527,46
2528,46
2529,46
2530,46
2531,46
2532,46
2533,46
2534,46
2535,46
2536,46
2537,46
2538,46
2539,46
2540,46
2541,46
2542,46
2543,46
2544,46
2545,46
2546,46
2547,46
2548,46
2549,46
2550,46
2551,46
2552,46
2553,46
2554,46
2555,46
2556,46
2557,46
2558,46
2559,46
2560,46
2561,46
2562,46
2563,46
2564,46
2565,46
2566,46
2567,46
2568,46
2569,46
2570,46
2571,46
2572,46
2573,46
2574,46
2575,46
2576,46
2577,46
2578,46
2579,46
2580,46
2581,46
2582,46
2583,46
2584,46
2585,46
2586,46
2587,46
2588,46
2589,46
2590,46
2591,46
2592,46
2593,46
2594,46
2595,46
2596,46
2597,46
2598,46
2599,46
2600,46
2601,46
2602,46
2603,46
2604,46
2605,46
2606,46
2607,46
2608,46
2609,46
2610,46
2611,46
2612,46
2613,46
2614,46
2615,46
2616,46
2617,46
2618,46
2619,46
2620,46
2621,46
2622,46
2623,46
2624,46
2625,46
2626,46
2627,46
2628,46
2629,46
2630,46
2631,46
2632,46
2633,46
2634,46
2635,46
2636,46
2637,46
2638,46
2639,46
2640,46
2641,46
2642,46
2643,46
2644,46
2645,46
2646,46
2647,46
2648,46
2649,46
2650,46
2651,46
2652,46
2653,46
2654,46
2655,46
2656,46
2657,46
2658,46
2659,46
2660,46
2661,46
2662,46
2663,46
2664,46
2665,46
2666,46
2667,46
2668,46
2669,46
2670,46
2671,46
2672,46
2673,46
2674,46
2675,46
2676,46
2677,46
2678,45
2679,45
2680,45
2681,45
2682,45
2683,45
2684,45
2685,45
2686,45
2687,45
2688,45
2689,45
2690,45
2691,45
2692,45
2693,45
2694,45
2695,45
2696,45
2697,45
2698,45
2699,45
2700,45
2701,45
2702,45
2703,45
2704,45
2705,45
2706,45
2707,45
2708,45
2709,45
2710,45
2711,45
2712,45
2713,45
2714,45
2715,45
2716,45
2717,45
2718,45
2719,45
2720,45
2721,45
2722,45
2723,45
2724,45
2725,45
2726,45
2727,45
2728,45
2729,45
2730,45
2731,45
2732,45
2733,45
2734,45
2735,45
2736,45
2737,45
2738,45
2739,45
2740,45
2741,45
2742,45
2743,45
2744,45
2745,45
2746,45
2747,45
2748,45
2749,45
2750,45
2751,45
2752,45
2753,45
2754,45
2755,45
2756,45
2757,45
2758,45
2759,45
2760,45
2761,45
2762,45
2763,45
2764,45
2765,45
2766,45
2767,45
2768,45
2769,45
2770,45
2771,45
2772,45
2773,45
2774,45
2775,45
2776,45
2777,45
2778,45
2779,45
2780,45
2781,45
2782,45
2783,45
2784,45
2785,45
2786,45
2787,45
2788,45
2789,45
2790,45
2791,45
2792,45
2793,45
2794,45
2795,45
2796,45
2797,45
2798,45
2799,45
2800,45
2801,45
2802,45
2803,45
2804,45
2805,45
2806,45
2807,45
2808,45
2809,45
2810,45
2811,45
2812,45
2813,45
2814,45
2815,45
2816,45
2817,45
2818,45
2819,45
2820,45
2821,45
2822,45
2823,45
2824,45
2825,45
2826,45
2827,45
2828,45
2829,45
2830,45
2831,45
2832,45
2833,45
2834,45
2835,45
2836,45
2837,45
2838,45
2839,45
2840,45
2841,45
2842,45
2843,45
2844,45
2845,45
2846,45
2847,45
2848,45
2849,45
2850,45
2851,45
2852,45
2853,45
2854,45
2855,45
2856,45
2857,45
2858,45
2859,45
2860,45
2861,45
2862,45
2863,45
2864,45
2865,45
2866,45
2867,45
2868,45
2869,45
2870,45
2871,45
2872,45
2873,45
2874,45
2875,45
2876,45
2877,45
2878,45
2879,45
2880,45
2881,45
2882,45
2883,45
2884,45
2885,45
2886,45
2887,45
2888,45
2889,45
2890,45
2891,45
2892,45
2893,45
2894,45
2895,45
2896,45
2897,45
2898,45
2899,45
2900,45
2901,45
2902,45
2903,45
2904,45
2905,45
2906,45
2907,45
2908,45
2909,45
2910,45
2911,45
2912,45
2913,45
2914,45
2915,45
2916,45
2917,45
2918,45
2919,45
2920,45
2921,45
2922,45
2923,45
2924,45
2925,45
2926,45
2927,45
2928,45
2929,45
2930,45
2931,45
2932,45
2933,45
2934,45
2935,45
2936,45
2937,45
2938,45
2939,45
2940,45
2941,45
2942,45
2943,45
2944,45
2945,45
2946,45
2947,45
2948,45
2949,45
2950,45
2951,45
2952,45
2953,45
2954,45
2955,45
2956,45
2957,45
2958,45
2959,45
2960,45
2961,45
2962,45
2963,45
2964,45
2965,45
2966,45
2967,45
2968,45
2969,45
2970,45
2971,45
2972,45
2973,45
2974,45
2975,45
2976,45
2977,45
2978,45
2979,45
2980,45
2981,45
2982,45
2983,45
2984,45
2985,45
2986,45
2987,45
2988,45
2989,45
2990,45
2991,45
2992,45
2993,45
2994,45
2995,45
2996,45
2997,45
2998,45
2999,45
3000,45
3001,45
3002,45
3003,45
3004,45
3005,45
3006,45
3007,45
3008,45
3009,45
3010,45
3011,45
3012,45
3013,45
3014,45
3015,45
3016,45
3017,45
3018,45
3019,45
3020,45
3021,45
3022,45
3023,45
3024,45
3025,45
3026,45
3027,45
3028,45
3029,45
3030,45
3031,45
3032,45
3033,45
3034,45
3035,45
3036,45
3037,45
3038,45
3039,45
3040,45
3041,45
3042,45
3043,45
3044,45
3045,45
3046,45
3047,45
3048,45
3049,45
3050,45
3051,45
3052,45
3053,45
3054,45
3055,45
3056,45
3057,45
3058,45
3059,45
3060,45
3061,45
3062,45
3063,45
3064,45
3065,45
3066,45
3067,45
3068,45
3069,45
3070,45
3071,45
3072,45
3073,45
3074,45
3075,45
3076,45
3077,45
3078,45
3079,45
3080,45
3081,45
3082,45
3083,45
3084,45
3085,45
3086,45
3087,45
3088,45
3089,45
3090,45
3091,45
3092,45
3093,45
3094,45
3095,45
3096,45
3097,45
3098,45
3099,45
3100,45
3101,45
3102,45
3103,45
3104,45
3105,45
3106,45
3107,45
3108,45
3109,45
3110,45
3111,45
3112,45
3113,45
3114,45
3115,45
3116,45
3117,45
3118,45
3119,45
3120,45
3121,45
3122,45
3123,45
3124,45
3125,45
3126,45
3127,45
3128,45
3129,45
3130,45
3131,45
3132,45
3133,45
3134,45
3135,45
3136,45
3137,45
3138,45
3139,45
3140,45
3141,45
3142,45
3143,45
3144,45
3145,45
3146,45
3147,45
3148,45
3149,45
3150,45
3151,45
3152,45
3153,45
3154,45
3155,45
3156,45
3157,45
3158,45
3159,45
3160,45
3161,45
3162,45
3163,45
3164,45
3165,45
3166,45
3167,45
3168,45
3169,45
3170,45
3171,45
3172,45
3173,45
3174,45
3175,45
3176,45
3177,45
3178,45
3179,45
3180,45
3181,45
3182,45
3183,45
3184,45
3185,45
3186,45
3187,45
3188,45
3189,45
3190,45
3191,45
3192,45
3193,45
3194,45
3195,45
3196,45
3197,45
3198,45
3199,45
3200,45
3201,45
3202,45
3203,45
3204,45
3205,45
3206,45
3207,45
3208,45
3209,45
3210,45
3211,45
3212,45
3213,45
3214,45
3215,45
3216,45
3217,45
3218,45
3219,45
3220,45
3221,45
3222,45
3223,45
3224,45
3225,45
3226,45
3227,45
3228,45
3229,45
3230,45
3231,45
3232,45
3233,45
3234,45
3235,45
3236,45
3237,45
3238,45
3239,45
3240,45
3241,45
3242,45
3243,45
3244,45
3245,45
3246,45
3247,45
3248,45
3249,45
3250,45
3251,45
3252,45
3253,45
3254,45
3255,45
3256,45
3257,45
3258,45
3259,45
3260,45
3261,45
3262,45
3263,45
3264,45
3265,45
3266,45
3267,45
3268,45
3269,45
3270,45
3271,45
3272,45
3273,45
3274,45
3275,45
3276,45
3277,45
3278,45
3279,45
3280,45
3281,45
3282,45
3283,45
3284,45
3285,45
3286,45
3287,45
3288,45
3289,45
3290,45
3291,45
3292,45
3293,45
3294,45
3295,45
3296,45
3297,45
3298,45
3299,45
3300,45
3301,45
3302,45
3303,45
3304,45
3305,45
3306,45
3307,45
3308,45
3309,45
3310,45
3311,45
3312,45
3313,45
3314,45
3315,45
3316,45
3317,45
3318,45
3319,45
3320,45
3321,45
3322,45
3323,45
3324,45
3325,45
3326,45
3327,45
3328,45
3329,45
3330,45
3331,45
3332,45
3333,45
3334,45
3335,45
3336,45
3337,45
3338,45
3339,45
3340,45
3341,45
3342,45
3343,45
3344,45
3345,45
3346,45
3347,45
3348,45
3349,45
3350,45
3351,45
3352,45
3353,45
3354,45
3355,45
3356,45
3357,45
3358,45
3359,45
3360,45
3361,45
3362,45
3363,45
3364,45
3365,45
3366,45
3367,45
3368,45
3369,45
3370,45
3371,45
3372,45
3373,45
3374,45
3375,45
3376,45
3377,45
3378,45
3379,45
3380,45
3381,45
3382,45
3383,45
3384,45
3385,45
3386,45
3387,45
3388,45
3389,45
3390,45
3391,45
3392,45
3393,45
3394,45
3395,45
3396,45
3397,45
3398,45
3399,45
3400,45
3401,45
3402,45
3403,45
3404,45
3405,45
3406,45
3407,45
3408,45
3409,45
3410,45
3411,45
3412,45
3413,45
3414,45
3415,45
3416,45
3417,45
3418,45
3419,45
3420,45
3421,45
3422,45
3423,45
3424,45
3425,45
3426,45
3427,45
3428,45
3429,45
3430,45
3431,45
3432,45
3433,45
3434,45
3435,45
3436,45
3437,45
3438,45
3439,45
3440,45
3441,45
3442,45
3443,45
3444,45
3445,45
3446,45
3447,45
3448,45
3449,45
3450,45
3451,45
3452,45
3453,45
3454,45
3455,45
3456,45
3457,45
3458,45
3459,45
3460,45
3461,45
3462,45
3463,45
3464,45
3465,45
3466,45
3467,45
3468,45
3469,45
3470,45
3471,45
3472,45
3473,45
3474,45
3475,45
3476,45
3477,45
3478,45
3479,45
3480,45
3481,45
3482,45
3483,45
3484,45
3485,45
3486,45
3487,45
3488,45
3489,45
3490,45
3491,45
3492,45
3493,45
3494,45
3495,45
3496,45
3497,45
3498,45
3499,45
3500,45
3501,45
3502,45
3503,45
3504,45
3505,45
3506,45
3507,45
3508,45
3509,45
3510,45
3511,45
3512,45
3513,45
3514,45
3515,45
3516,45
3517,45
3518,45
3519,45
3520,45
3521,45
3522,45
3523,45
3524,45
3525,45
3526,45
3527,45
3528,45
3529,45
3530,45
3531,45
3532,45
3533,45
3534,45
3535,45
3536,45
3537,45
3538,45
3539,45
3540,45
3541,45
3542,45
3543,45
3544,45
3545,45
3546,45
3547,45
3548,45
3549,45
3550,45
3551,45
3552,45
3553,45
3554,45
3555,45
3556,45
3557,45
3558,45
3559,45
3560,45
3561,45
3562,45
3563,45
3564,45
3565,45
3566,45
3567,45
3568,45
3569,45
3570,45
3571,45
3572,45
3573,45
3574,45
3575,45
3576,45
3577,45
3578,45
3579,45
3580,45
3581,45
3582,45
3583,45
3584,45
3585,45
3586,45
3587,45
3588,45
3589,45
3590,45
3591,45
3592,45
3593,45
3594,45
3595,45
3596,45
3597,45
3598,45
3599,45
3600,45
3601,45
3602,45
3603,45
3604,45
3605,45
3606,45
3607,45
3608,45
3609,45
3610,45
3611,45
3612,45
3613,45
3614,45
3615,45
3616,45
3617,45
3618,45
3619,45
3620,45
3621,45
3622,45
3623,45
3624,45
3625,45
3626,45
3627,45
3628,45
3629,45
3630,45
3631,45
3632,45
3633,45
3634,45
3635,45
3636,45
3637,45
3638,45
3639,45
3640,45
3641,45
3642,45
3643,45
3644,45
3645,45
3646,45
3647,45
3648,45
3649,45
3650,45
3651,45
3652,45
3653,45
3654,45
3655,45
3656,45
3657,45
3658,45
3659,45
3660,45
3661,45
3662,45
3663,45
3664,45
3665,45
3666,45
3667,45
3668,45
3669,45
3670,45
3671,45
3672,45
3673,45
3674,45
3675,45
3676,45
3677,45
3678,45
3679,45
3680,45
3681,45
3682,45
3683,45
3684,45
3685,45
3686,45
3687,45
3688,45
3689,45
3690,45
3691,45
3692,45
3693,45
3694,45
3695,45
3696,45
3697,45
3698,45
3699,45
3700,45
3701,45
3702,45
3703,45
3704,45
3705,45
3706,45
3707,45
3708,45
3709,45
3710,45
3711,45
3712,45
3713,45
3714,45
3715,45
3716,45
3717,45
3718,45
3719,45
3720,45
3721,45
3722,45
3723,45
3724,45
3725,45
3726,45
3727,45
3728,45
3729,45
3730,45
3731,45
3732,45
3733,45
3734,45
3735,45
3736,45
3737,45
3738,45
3739,45
3740,45
3741,45
3742,45
3743,45
3744,45
3745,45
3746,45
3747,45
3748,45
3749,45
3750,45
3751,45
3752,45
3753,45
3754,45
3755,45
3756,45
3757,45
3758,45
3759,45
3760,45
3761,45
3762,45
3763,45
3764,45
3765,45
3766,45
3767,45
3768,45
3769,45
3770,45
3771,45
3772,45
3773,45
3774,45
3775,45
3776,45
3777,45
3778,45
3779,45
3780,45
3781,45
3782,45
3783,45
3784,45
3785,45
3786,45
3787,45
3788,45
3789,45
3790,45
3791,45
3792,45
3793,45
3794,45
3795,45
3796,45
3797,45
3798,45
3799,45
3800,45
3801,45
3802,45
3803,45
3804,45
3805,45
3806,45
3807,45
3808,45
3809,45
3810,45
3811,45
3812,45
3813,45
3814,45
3815,45
3816,45
3817,45
3818,45
3819,45
3820,45
3821,45
3822,45
3823,45
3824,45
3825,45
3826,45
3827,45
3828,45
3829,45
3830,45
3831,45
3832,45
3833,45
3834,45
3835,45
3836,45
3837,45
3838,45
3839,45
3840,45
3841,45
3842,45
3843,45
3844,45
3845,45
3846,45
3847,45
3848,45
3849,45
3850,45
3851,45
3852,45
3853,45
3854,45
3855,45
3856,45
3857,45
3858,45
3859,45
3860,45
3861,45
3862,45
3863,45
3864,45
3865,45
3866,45
3867,45
3868,45
3869,45
3870,45
3871,45
3872,45
3873,45
3874,45
3875,45
3876,45
3877,45
3878,45
3879,45
3880,45
3881,45
3882,45
3883,45
3884,45
3885,45
3886,45
3887,45
3888,45
3889,45
3890,45
3891,45
3892,45
3893,45
3894,45
3895,45
3896,45
3897,45
3898,45
3899,45
3900,45
3901,45
3902,45
3903,45
3904,45
3905,45
3906,45
3907,45
3908,45
3909,45
3910,45
3911,45
3912,45
3913,45
3914,45
3915,45
3916,45
3917,45
3918,45
3919,45
3920,45
3921,45
3922,45
3923,45
3924,45
3925,45
3926,45
3927,45
3928,45
3929,45
3930,45
3931,45
3932,45
3933,45
3934,45
3935,45
3936,45
3937,45
3938,45
3939,45
3940,45
3941,45
3942,45
3943,45
3944,45
3945,45
3946,45
3947,45
3948,45
3949,45
3950,45
3951,45
3952,45
3953,45
3954,45
3955,45
3956,45
3957,45
3958,45
3959,45
3960,45
3961,45
3962,45
3963,45
3964,45
3965,45
3966,45
3967,45
3968,45
3969,45
3970,45
3971,45
3972,45
3973,45
3974,45
3975,45
3976,45
3977,45
3978,45
3979,45
3980,45
3981,45
3982,45
3983,45
3984,45
3985,45
3986,45
3987,45
3988,45
3989,45
3990,45
3991,45
3992,45
3993,45
3994,45
3995,45
3996,45
3997,45
3998,45
3999,45
4000,45
4001,45
4002,45
4003,45
4004,45
4005,45
4006,45
4007,45
4008,45
4009,45
4010,45
4011,45
4012,45
4013,45
4014,45
4015,45
4016,45
4017,45
4018,45
4019,45
4020,45
4021,45
4022,45
4023,45
4024,45
4025,45
4026,45
4027,45
4028,45
4029,45
4030,45
4031,45
4032,45
4033,45
4034,45
4035,45
4036,45
4037,45
4038,45
4039,45
4040,45
4041,45
4042,45
4043,45
4044,45
4045,45
4046,45
4047,45
4048,45
4049,45
4050,45
4051,45
4052,45
4053,45
4054,45
4055,45
4056,45
4057,45
4058,45
4059,45
4060,45
4061,45
4062,45
4063,45
4064,45
4065,45
4066,45
4067,45
4068,45
4069,45
4070,45
4071,45
4072,45
4073,45
4074,45
4075,45
4076,45
4077,45
4078,45
4079,45
4080,45
4081,45
4082,45
4083,45
4084,45
4085,45
4086,45
4087,45
4088,45
4089,45
4090,45
4091,45
4092,45
4093,45
4094,45
4095,45
4096,45
4097,45
4098,45
4099,45
4100,45
4101,45
4102,45
4103,45
4104,45
4105,45
4106,45
4107,45
4108,45
4109,45
4110,45
4111,45
4112,45
4113,45
4114,45
4115,45
4116,45
4117,45
4118,45
4119,45
4120,45
4121,45
4122,45
4123,45
4124,45
4125,45
4126,45
4127,45
4128,45
4129,45
4130,45
4131,45
4132,45
4133,45
4134,45
4135,45
4136,45
4137,45
4138,45
4139,45
4140,45
4141,45
4142,45
4143,45
4144,45
4145,45
4146,45
4147,45
4148,45
4149,45
4150,45
4151,45
4152,45
4153,45
4154,45
4155,45
4156,45
4157,45
4158,45
4159,45
4160,45
4161,45
4162,45
4163,45
4164,45
4165,45
4166,45
4167,45
4168,45
4169,45
4170,45
4171,45
4172,45
4173,45
4174,45
4175,45
4176,45
4177,45
4178,45
4179,45
4180,45
4181,45
4182,45
4183,45
4184,45
4185,45
4186,45
4187,45
4188,45
4189,45
4190,45
4191,45
4192,45
4193,45
4194,45
4195,45
4196,45
4197,45
4198,45
4199,45
4200,45
4201,45
4202,45
4203,45
4204,45
4205,45
4206,45
4207,45
4208,45
4209,45
4210,45
4211,45
4212,45
4213,45
4214,45
4215,45
4216,45
4217,45
4218,45
4219,45
4220,45
4221,45
4222,45
4223,45
4224,45
4225,45
4226,45
4227,45
4228,45
4229,45
4230,45
4231,45
4232,45
4233,45
4234,45
4235,45
4236,45
4237,45
4238,45
4239,45
4240,45
4241,45
4242,45
4243,45
4244,45
4245,45
4246,45
4247,45
4248,45
4249,45
4250,45
4251,45
4252,45
4253,45
4254,45
4255,45
4256,45
4257,45
4258,45
4259,45
4260,45
4261,45
4262,45
4263,45
4264,45
4265,45
4266,45
4267,45
4268,45
4269,45
4270,45
4271,45
4272,45
4273,45
4274,45
4275,45
4276,45
4277,45
4278,45
4279,45
4280,45
4281,45
4282,45
4283,45
4284,45
4285,45
4286,45
4287,45
4288,45
4289,45
4290,45
4291,45
4292,45
4293,45
4294,45
4295,45
4296,45
4297,45
4298,45
4299,45
4300,45
4301,45
4302,45
4303,45
4304,45
4305,45
4306,45
4307,45
4308,45
4309,45
4310,45
4311,45
4312,45
4313,45
4314,45
4315,45
4316,45
4317,45
4318,45
4319,45
4320,45
4321,45
4322,45
4323,45
4324,45
4325,45
4326,45
4327,45
4328,45
4329,45
4330,45
4331,45
4332,45
4333,45
4334,45
4335,45
4336,45
4337,45
4338,45
4339,45
4340,45
4341,45
4342,45
4343,45
4344,45
4345,45
4346,45
4347,45
4348,45
4349,45
4350,45
4351,45
4352,45
4353,45
4354,45
4355,45
4356,45
4357,45
4358,45
4359,45
4360,45
4361,45
4362,45
4363,45
4364,45
4365,45
4366,45
4367,45
4368,45
4369,45
4370,45
4371,45
4372,45
4373,45
4374,45
4375,45
4376,45
4377,45
4378,45
4379,45
4380,45
4381,45
4382,45
4383,45
4384,45
4385,45
4386,45
4387,45
4388,45
4389,45
4390,45
4391,45
4392,45
4393,45
4394,45
4395,45
4396,45
4397,45
4398,45
4399,45
4400,45
4401,45
4402,45
4403,45
4404,45
4405,45
4406,45
4407,45
4408,45
4409,45
4410,45
4411,45
4412,45
4413,45
4414,45
4415,45
4416,45
4417,45
4418,45
4419,45
4420,45
4421,45
4422,45
4423,45
4424,45
4425,45
4426,45
4427,45
4428,45
4429,45
4430,45
4431,45
4432,45
4433,45
4434,45
4435,45
4436,45
4437,45
4438,45
4439,45
4440,45
4441,45
4442,45
4443,45
4444,45
4445,45
4446,45
4447,45
4448,45
4449,45
4450,45
4451,45
4452,45
4453,45
4454,45
4455,45
4456,45
4457,45
4458,45
4459,45
4460,45
4461,45
4462,45
4463,45
4464,45
4465,45
4466,45
4467,45
4468,45
4469,45
4470,45
4471,45
4472,45
4473,45
4474,45
4475,45
4476,45
4477,45
4478,45
4479,45
4480,45
4481,45
4482,45
4483,45
4484,45
4485,45
4486,45
4487,45
4488,45
4489,45
4490,45
4491,45
4492,45
4493,45
4494,45
4495,45
4496,45
4497,45
4498,45
4499,45
4500,45
4501,45
4502,45
4503,45
4504,45
4505,45
4506,45
4507,45
4508,45
4509,45
4510,45
4511,45
4512,45
4513,45
4514,45
4515,45
4516,45
4517,45
4518,45
4519,45
4520,45
4521,45
4522,45
4523,45
4524,45
4525,45
4526,45
4527,45
4528,45
4529,45
4530,45
4531,45
4532,45
4533,45
4534,45
4535,45
4536,45
4537,45
4538,45
4539,45
4540,45
4541,45
4542,45
4543,45
4544,45
4545,45
4546,45
4547,45
4548,45
4549,45
4550,45
4551,45
4552,45
4553,45
4554,45
4555,45
4556,45
4557,45
4558,45
4559,45
4560,45
4561,45
4562,45
4563,45
4564,45
4565,45
4566,45
4567,45
4568,45
4569,45
4570,45
4571,45
4572,45
4573,45
4574,45
4575,45
4576,45
4577,45
4578,45
4579,45
4580,45
4581,45
4582,45
4583,45
4584,45
4585,45
4586,45
4587,45
4588,45
4589,45
4590,45
4591,45
4592,45
4593,45
4594,45
4595,45
4596,45
4597,45
4598,45
4599,45
4600,45
4601,45
4602,45
4603,45
4604,45
4605,45
4606,45
4607,45
4608,45
4609,45
4610,45
4611,45
4612,45
4613,45
4614,45
4615,45
4616,45
4617,45
4618,45
4619,45
4620,45
4621,45
4622,45
4623,45
4624,45
4625,45
4626,45
4627,45
4628,45
4629,45
4630,45
4631,45
4632,45
4633,45
4634,45
4635,45
4636,45
4637,45
4638,45
4639,45
4640,45
4641,45
4642,45
4643,45
4644,45
4645,45
4646,45
4647,45
4648,45
4649,45
4650,45
4651,45
4652,45
4653,45
4654,45
4655,45
4656,45
4657,45
4658,45
4659,45
4660,45
4661,45
4662,45
4663,45
4664,45
4665,45
4666,45
4667,45
4668,45
4669,45
4670,45
4671,45
4672,45
4673,45
4674,45
4675,45
4676,45
4677,45
4678,45
4679,45
4680,45
4681,45
4682,45
4683,45
4684,45
4685,45
4686,45
4687,45
4688,45
4689,45
4690,45
4691,45
4692,45
4693,45
4694,45
4695,45
4696,45
4697,45
4698,45
4699,45
4700,45
4701,45
4702,45
4703,45
4704,45
4705,45
4706,45
4707,45
4708,45
4709,45
4710,45
4711,45
4712,45
4713,45
4714,45
4715,45
4716,45
4717,45
4718,45
4719,45
4720,45
4721,45
4722,45
4723,45
4724,45
4725,45
4726,45
4727,45
4728,45
4729,45
4730,45
4731,45
4732,45
4733,45
4734,45
4735,45
4736,45
4737,45
4738,45
4739,45
4740,45
4741,45
4742,45
4743,45
4744,45
4745,45
4746,45
4747,45
4748,45
4749,45
4750,45
4751,45
4752,45
4753,45
4754,45
4755,45
4756,45
4757,45
4758,45
4759,45
4760,45
4761,45
4762,45
4763,45
4764,45
4765,45
4766,45
4767,45
4768,45
4769,45
4770,45
4771,45
4772,45
4773,45
4774,45
4775,45
4776,45
4777,45
4778,45
4779,45
4780,45
4781,45
4782,45
4783,45
4784,45
4785,45
4786,45
4787,45
4788,45
4789,45
4790,45
4791,45
4792,45
4793,45
4794,45
4795,45
4796,45
4797,45
4798,45
4799,45
4800,45
4801,45
4802,45
4803,45
4804,45
4805,45
4806,45
4807,45
4808,45
4809,45
4810,45
4811,45
4812,45
4813,45
4814,45
4815,45
4816,45
4817,45
4818,45
4819,45
4820,45
4821,45
4822,45
4823,45
4824,45
4825,45
4826,45
4827,45
4828,45
4829,45
4830,45
4831,45
4832,45
4833,45
4834,45
4835,45
4836,45
4837,45
4838,45
4839,45
4840,45
4841,45
4842,45
4843,45
4844,45
4845,45
4846,45
4847,45
4848,45
4849,45
4850,45
4851,45
4852,45
4853,45
4854,45
4855,45
4856,45
4857,45
4858,45
4859,45
4860,45
4861,45
4862,45
4863,45
4864,45
4865,45
4866,45
4867,45
4868,45
4869,45
4870,45
4871,45
4872,45
4873,45
4874,45
4875,45
4876,45
4877,45
4878,45
4879,45
4880,45
4881,45
4882,45
4883,45
4884,45
4885,45
4886,45
4887,45
4888,45
4889,45
4890,45
4891,45
4892,45
4893,45
4894,45
4895,45
4896,45
4897,45
4898,45
4899,45
4900,45
4901,45
4902,45
4903,45
4904,45
4905,45
4906,45
4907,45
4908,45
4909,45
4910,45
4911,45
4912,45
4913,45
4914,45
4915,45
4916,45
4917,45
4918,45
4919,45
4920,45
4921,45
4922,45
4923,45
4924,45
4925,45
4926,45
4927,45
4928,45
4929,45
4930,45
4931,45
4932,45
4933,45
4934,45
4935,45
4936,45
4937,45
4938,45
4939,45
4940,45
4941,45
4942,45
4943,45
4944,45
4945,45
4946,45
4947,45
4948,45
4949,45
4950,45
4951,45
4952,45
4953,45
4954,45
4955,45
4956,45
4957,45
4958,45
4959,45
4960,45
4961,45
4962,45
4963,45
4964,45
4965,45
4966,45
4967,45
4968,45
4969,45
4970,45
4971,45
4972,45
4973,45
4974,45
4975,45
4976,45
4977,45
4978,45
4979,45
4980,45
4981,45
4982,45
4983,45
4984,45
4985,45
4986,45
4987,45
4988,45
4989,45
4990,45
4991,45
4992,45
4993,45
4994,45
4995,45
4996,45
4997,45
4998,45
4999,45
5000,45
5001,45
5002,45
5003,45
5004,45
5005,45
5006,45
5007,45
5008,45
5009,45
5010,45
5011,45
5012,45
5013,45
5014,45
5015,45
5016,45
5017,45
5018,45
5019,45
5020,45
5021,45
5022,45
5023,45
5024,45
5025,45
5026,45
5027,45
5028,45
5029,45
5030,45
5031,45
5032,45
5033,45
5034,45
5035,45
5036,45
5037,45
5038,45
5039,45
5040,45
5041,45
5042,45
5043,45
5044,45
5045,45
5046,45
5047,45
5048,45
5049,45
5050,45
5051,45
5052,45
5053,45
5054,45
5055,45
5056,45
5057,45
5058,45
5059,45
5060,45
5061,45
5062,45
5063,45
5064,45
5065,45
5066,45
5067,45
5068,45
5069,45
5070,45
5071,45
5072,45
5073,45
5074,45
5075,45
5076,45
5077,45
5078,45
5079,45
5080,45
5081,45
5082,45
5083,45
5084,45
5085,45
5086,45
5087,45
5088,45
5089,45
5090,45
5091,45
5092,45
5093,45
5094,45
5095,45
5096,45
5097,45
5098,45
5099,45
5100,45
5101,45
5102,45
5103,45
5104,45
5105,45
5106,45
5107,45
5108,45
5109,45
5110,45
5111,45
5112,45
5113,45
5114,45
5115,45
5116,45
5117,45
5118,45
5119,45
5120,45
5121,45
5122,45
5123,45
5124,45
5125,45
5126,45
5127,45
5128,45
5129,45
5130,45
5131,45
5132,45
5133,45
5134,45
5135,45
5136,45
5137,45
5138,45
5139,45
5140,45
5141,45
5142,45
5143,45
5144,45
5145,45
5146,45
5147,45
5148,45
5149,45
5150,45
5151,45
5152,45
5153,45
5154,45
5155,45
5156,45
5157,45
5158,45
5159,45
5160,45
5161,45
5162,45
5163,45
5164,45
5165,45
5166,45
5167,45
5168,45
5169,45
5170,45
5171,45
5172,45
5173,45
5174,45
5175,45
5176,45
5177,45
5178,45
5179,45
5180,45
5181,45
5182,45
5183,45
5184,45
5185,45
5186,45
5187,45
5188,45
5189,45
5190,45
5191,45
5192,45
5193,45
5194,45
5195,45
5196,45
5197,45
5198,45
5199,45
5200,45
5201,45
5202,45
5203,45
5204,45
5205,45
5206,45
5207,45
5208,45
5209,45
5210,45
5211,45
5212,45
5213,45
5214,45
5215,45
5216,45
5217,45
5218,45
5219,45
5220,45
5221,45
5222,45
5223,45
5224,45
5225,45
5226,45
5227,45
5228,45
5229,45
5230,45
5231,45
5232,45
5233,45
5234,45
5235,45
5236,45
5237,45
5238,45
5239,45
5240,45
5241,45
5242,45
5243,45
5244,45
5245,45
5246,45
5247,45
5248,45
5249,45
5250,45
5251,45
5252,45
5253,45
5254,45
5255,45
5256,45
5257,45
5258,45
5259,45
5260,45
5261,45
5262,45
5263,45
5264,45
5265,45
5266,45
5267,45
5268,45
5269,45
5270,45
5271,45
5272,45
5273,45
5274,45
5275,45
5276,45
5277,45
5278,45
5279,45
5280,45
5281,45
5282,45
5283,45
5284,45
5285,45
5286,45
5287,45
5288,45
5289,45
5290,45
5291,45
5292,45
5293,45
5294,45
5295,45
5296,45
5297,45
5298,45
5299,45
5300,45
5301,45
5302,45
5303,45
5304,45
5305,45
5306,45
5307,45
5308,45
5309,45
5310,45
5311,45
5312,45
5313,45
5314,45
5315,45
5316,45
5317,45
5318,45
5319,45
5320,45
5321,45
5322,45
5323,45
5324,45
5325,45
5326,45
5327,45
5328,45
5329,45
5330,45
5331,45
5332,45
5333,45
5334,45
5335,45
5336,45
5337,45
5338,45
5339,45
5340,45
5341,45
5342,45
5343,45
5344,45
5345,45
5346,45
5347,45
5348,45
5349,45
5350,45
5351,45
5352,45
5353,45
5354,45
5355,45
5356,45
5357,45
5358,45
5359,45
5360,45
5361,45
5362,45
5363,45
5364,45
5365,45
5366,45
5367,45
5368,45
5369,45
5370,45
5371,45
5372,45
5373,45
5374,45
5375,45
5376,45
5377,45
5378,45
5379,45
5380,45
5381,45
5382,45
5383,45
5384,45
5385,45
5386,45
5387,45
5388,45
5389,45
5390,45
5391,45
5392,45
5393,45
5394,45
5395,45
5396,45
5397,45
5398,45
5399,45
5400,45
5401,45
5402,45
5403,45
5404,45
5405,45
5406,45
5407,45
5408,45
5409,45
5410,45
5411,45
5412,45
5413,45
5414,45
5415,45
5416,45
5417,45
5418,45
5419,45
5420,45
5421,45
5422,45
5423,45
5424,45
5425,45
5426,45
5427,45
5428,45
5429,45
5430,45
5431,45
5432,45
5433,45
5434,45
5435,45
5436,45
5437,45
5438,45
5439,45
5440,45
5441,45
5442,45
5443,45
5444,45
5445,45
5446,45
5447,45
5448,45
5449,45
5450,45
5451,45
5452,45
5453,45
5454,45
5455,45
5456,45
5457,45
5458,45
5459,45
5460,45
5461,45
5462,45
5463,45
5464,45
5465,45
5466,45
5467,45
5468,45
5469,45
5470,45
5471,45
5472,45
5473,45
5474,45
5475,45
5476,45
5477,45
5478,45
5479,45
5480,45
5481,45
5482,45
5483,45
5484,45
5485,45
5486,45
5487,45
5488,45
5489,45
5490,45
5491,45
5492,45
5493,45
5494,45
5495,45
5496,45
5497,45
5498,45
5499,45
5500,45
5501,45
5502,45
5503,45
5504,45
5505,45
5506,45
5507,45
5508,45
5509,45
5510,45
5511,45
5512,45
5513,45
5514,45
5515,45
5516,45
5517,45
5518,45
5519,45
5520,45
5521,45
5522,45
5523,45
5524,45
5525,45
5526,45
5527,45
5528,45
5529,45
5530,45
5531,45
5532,45
5533,45
5534,45
5535,45
5536,45
5537,45
5538,45
5539,45
5540,45
5541,45
5542,45
5543,45
5544,45
5545,45
5546,45
5547,45
5548,45
5549,45
5550,45
5551,45
5552,45
5553,45
5554,45
5555,45
5556,45
5557,45
5558,45
5559,45
5560,45
5561,45
5562,45
5563,45
5564,45
5565,45
5566,45
5567,45
5568,45
5569,45
5570,45
5571,45
5572,45
5573,45
5574,45
5575,45
5576,45
5577,45
5578,45
5579,45
5580,45
5581,45
5582,45
5583,45
5584,45
5585,45
5586,45
5587,45
5588,45
5589,45
5590,45
5591,45
5592,45
5593,45
5594,45
5595,45
5596,45
5597,45
5598,45
5599,45
5600,45
5601,45
5602,45
5603,45
5604,45
5605,45
5606,45
5607,45
5608,45
5609,45
5610,45
5611,45
5612,45
5613,45
5614,45
5615,45
5616,45
5617,45
5618,45
5619,45
5620,45
5621,45
5622,45
5623,45
5624,45
5625,45
5626,45
5627,45
5628,45
5629,45
5630,45
5631,45
5632,45
5633,45
5634,45
5635,45
5636,45
5637,45
5638,45
5639,45
5640,45
5641,45
5642,45
5643,45
5644,45
5645,45
5646,45
5647,45
5648,45
5649,45
5650,45
5651,45
5652,45
5653,45
5654,45
5655,45
5656,45
5657,45
5658,45
5659,45
5660,45
5661,45
5662,45
5663,45
5664,45
5665,45
5666,45
5667,45
5668,45
5669,45
5670,45
5671,45
5672,45
5673,45
5674,45
5675,45
5676,45
5677,45
5678,45
5679,45
5680,45
5681,45
5682,45
5683,45
5684,45
5685,45
5686,45
5687,45
5688,45
5689,45
5690,45
5691,45
5692,45
5693,45
5694,45
5695,45
5696,45
5697,45
5698,45
5699,45
5700,45
5701,45
5702,45
5703,45
5704,45
5705,45
5706,45
5707,45
5708,45
5709,45
5710,45
5711,45
5712,45
5713,45
5714,45
5715,45
5716,45
5717,45
5718,45
5719,45
5720,45
5721,45
5722,45
5723,45
5724,45
5725,45
5726,45
5727,45
5728,45
5729,45
5730,45
5731,45
5732,45
5733,45
5734,45
5735,45
5736,45
5737,45
5738,45
5739,45
5740,45
5741,45
5742,45
5743,45
5744,45
5745,45
5746,45
5747,45
5748,45
5749,45
5750,45
5751,45
5752,45
5753,45
5754,45
5755,45
5756,45
5757,45
5758,45
5759,45
5760,45
5761,45
5762,45
5763,45
5764,45
5765,45
5766,45
5767,45
5768,45
5769,45
5770,45
5771,45
5772,45
5773,45
5774,45
5775,45
5776,45
5777,45
5778,45
5779,45
5780,45
5781,45
5782,45
5783,45
5784,45
5785,45
5786,45
5787,45
5788,45
5789,45
5790,45
5791,45
5792,45
5793,45
5794,45
5795,45
5796,45
5797,45
5798,45
5799,45
5800,45
5801,45
5802,45
5803,45
5804,45
5805,45
5806,45
5807,45
5808,45
5809,45
5810,45
5811,45
5812,45
5813,45
5814,45
5815,45
5816,45
5817,45
5818,45
5819,45
5820,45
5821,45
5822,45
5823,45
5824,45
5825,45
5826,45
5827,45
5828,45
5829,45
5830,45
5831,45
5832,45
5833,45
5834,45
5835,45
5836,45
5837,45
5838,45
5839,45
5840,45
5841,45
5842,45
5843,45
5844,45
5845,45
5846,45
5847,45
5848,45
5849,45
5850,45
5851,45
5852,45
5853,45
5854,45
5855,45
5856,45
5857,45
5858,45
5859,45
5860,45
5861,45
5862,45
5863,45
5864,45
5865,45
5866,45
5867,45
5868,45
5869,45
5870,45
5871,45
5872,45
5873,45
5874,45
5875,45
5876,45
5877,45
5878,45
5879,45
5880,45
5881,45
5882,45
5883,45
5884,45
5885,45
5886,45
5887,45
5888,45
5889,45
5890,45
5891,45
5892,45
5893,45
5894,45
5895,45
5896,45
5897,45
5898,45
5899,45
5900,45
5901,45
5902,45
5903,45
5904,45
5905,45
5906,45
5907,45
5908,45
5909,45
5910,45
5911,45
5912,45
5913,45
5914,45
5915,45
5916,45
5917,45
5918,45
5919,45
5920,45
5921,45
5922,45
5923,45
5924,45
5925,45
5926,45
5927,45
5928,45
5929,45
5930,45
5931,45
5932,45
5933,45
5934,45
5935,45
5936,45
5937,45
5938,45
5939,45
5940,45
5941,45
5942,45
5943,45
5944,45
5945,45
5946,45
5947,45
5948,45
5949,45
5950,45
5951,45
5952,45
5953,45
5954,45
5955,45
5956,45
5957,45
5958,45
5959,45
5960,45
5961,45
5962,45
5963,45
5964,45
5965,45
5966,45
5967,45
5968,45
5969,45
5970,45
5971,45
5972,45
5973,45
5974,45
5975,45
5976,45
5977,45
5978,45
5979,45
5980,45
5981,45
5982,45
5983,45
5984,45
5985,45
5986,45
5987,45
5988,45
5989,45
5990,45
5991,45
5992,45
5993,45
5994,45
5995,45
5996,45
5997,45
5998,45
5999,45
6000,45
6001,45
6002,45
6003,45
6004,45
6005,45
6006,45
6007,45
6008,45
6009,45
6010,45
6011,45
6012,45
6013,45
6014,45
6015,45
6016,45
6017,45
6018,45
6019,45
6020,45
6021,45
6022,45
6023,45
6024,45
6025,45
6026,45
6027,45
6028,45
6029,45
6030,45
6031,45
6032,45
6033,45
6034,45
6035,45
6036,45
6037,45
6038,45
6039,45
6040,45
6041,45
6042,45
6043,45
6044,45
6045,45
6046,45
6047,45
6048,45
6049,45
6050,45
6051,45
6052,45
6053,45
6054,45
6055,45
6056,45
6057,45
6058,45
6059,45
6060,45
6061,45
6062,45
6063,45
6064,45
6065,45
6066,45
6067,45
6068,45
6069,45
6070,45
6071,45
6072,45
6073,45
6074,45
6075,45
6076,45
6077,45
6078,45
6079,45
6080,45
6081,45
6082,45
6083,45
6084,45
6085,45
6086,45
6087,45
6088,45
6089,45
6090,45
6091,45
6092,45
6093,45
6094,45
6095,45
6096,45
6097,45
6098,45
6099,45
6100,45
6101,45
6102,45
6103,45
6104,45
6105,45
6106,45
6107,45
6108,45
6109,45
6110,45
6111,45
6112,45
6113,45
6114,45
6115,45
6116,45
6117,45
6118,45
6119,45
6120,45
6121,45
6122,45
6123,45
6124,45
6125,45
6126,45
6127,45
6128,45
6129,45
6130,45
6131,45
6132,45
6133,45
6134,45
6135,45
6136,45
6137,45
6138,45
6139,45
6140,45
6141,45
6142,45
6143,45
6144,45
6145,45
6146,45
6147,45
6148,45
6149,45
6150,45
6151,45
6152,45
6153,45
6154,45
6155,45
6156,45
6157,45
6158,45
6159,45
6160,45
6161,45
6162,45
6163,45
6164,45
6165,45
6166,45
6167,45
6168,45
6169,45
6170,45
6171,45
6172,45
6173,45
6174,45
6175,45
6176,45
6177,45
6178,45
6179,45
6180,45
6181,45
6182,45
6183,45
6184,45
6185,45
6186,45
6187,45
6188,45
6189,45
6190,45
6191,45
6192,45
6193,45
6194,45
6195,45
6196,45
6197,45
6198,45
6199,45
6200,45
6201,45
6202,45
6203,45
6204,45
6205,45
6206,45
6207,45
6208,45
6209,45
6210,45
6211,45
6212,45
6213,45
6214,45
6215,45
6216,45
6217,45
6218,45
6219,45
6220,45
6221,45
6222,45
6223,45
6224,45
6225,45
6226,45
6227,45
6228,45
6229,45
6230,45
6231,45
6232,45
6233,45
6234,45
6235,45
6236,45
6237,45
6238,45
6239,45
6240,45
6241,45
6242,45
6243,45
6244,45
6245,45
6246,45
6247,45
6248,45
6249,45
6250,45
6251,45
6252,45
6253,45
6254,45
6255,45
6256,45
6257,45
6258,45
6259,45
6260,45
6261,45
6262,45
6263,45
6264,45
6265,45
6266,45
6267,45
6268,45
6269,45
6270,45
6271,45
6272,45
6273,45
6274,45
6275,45
6276,45
6277,45
6278,45
6279,45
6280,45
6281,45
6282,45
6283,45
6284,45
6285,45
6286,45
6287,45
6288,45
6289,45
6290,45
6291,45
6292,45
6293,45
6294,45
6295,45
6296,45
6297,45
6298,45
6299,45
6300,45
6301,45
6302,45
6303,45
6304,45
6305,45
6306,45
6307,45
6308,45
6309,45
6310,45
6311,45
6312,45
6313,45
6314,45
6315,45
6316,45
6317,45
6318,45
6319,45
6320,45
6321,45
6322,45
6323,45
6324,45
6325,45
6326,45
6327,45
6328,45
6329,45
6330,45
6331,45
6332,45
6333,45
6334,45
6335,45
6336,45
6337,45
6338,45
6339,45
6340,45
6341,45
6342,45
6343,45
6344,45
6345,45
6346,45
6347,45
6348,45
6349,45
6350,45
6351,45
6352,45
6353,45
6354,45
6355,45
6356,45
6357,45
6358,45
6359,45
6360,45
6361,45
6362,45
6363,45
6364,45
6365,45
6366,45
6367,45
6368,45
6369,45
6370,45
6371,45
6372,45
6373,45
6374,45
6375,45
6376,45
6377,45
6378,45
6379,45
6380,45
6381,45
6382,45
6383,45
6384,45
6385,45
6386,45
6387,45
6388,45
6389,45
6390,45
6391,45
6392,45
6393,45
6394,45
6395,45
6396,45
6397,45
6398,45
6399,45
6400,45
6401,45
6402,45
6403,45
6404,45
6405,45
6406,45
6407,45
6408,45
6409,45
6410,45
6411,45
6412,45
6413,45
6414,45
6415,45
6416,45
6417,45
6418,45
6419,45
6420,45
6421,45
6422,45
6423,45
6424,45
6425,45
6426,45
6427,45
6428,45
6429,45
6430,45
6431,45
6432,45
6433,45
6434,45
6435,45
6436,45
6437,45
6438,45
6439,45
6440,45
6441,45
6442,45
6443,45
6444,45
6445,45
6446,45
6447,45
6448,45
6449,45
6450,45
6451,45
6452,45
6453,45
6454,45
6455,45
6456,45
6457,45
6458,45
6459,45
6460,45
6461,45
6462,45
6463,45
6464,45
6465,45
6466,45
6467,45
6468,45
6469,45
6470,45
6471,45
6472,45
6473,45
6474,45
6475,45
6476,45
6477,45
6478,45
6479,45
6480,45
6481,45
6482,45
6483,45
6484,45
6485,45
6486,45
6487,45
6488,45
6489,45
6490,45
6491,45
6492,45
6493,45
6494,45
6495,45
6496,45
6497,45
6498,45
6499,45
6500,45
6501,45
6502,45
6503,45
6504,45
6505,45
6506,45
6507,45
6508,45
6509,45
6510,45
6511,45
6512,45
6513,45
6514,45
6515,45
6516,45
6517,45
6518,45
6519,45
6520,45
6521,45
6522,45
6523,45
6524,45
6525,45
6526,45
6527,45
6528,45
6529,45
6530,45
6531,45
6532,45
6533,45
6534,45
6535,45
6536,45
6537,45
6538,45
6539,45
6540,45
6541,45
6542,45
6543,45
6544,45
6545,45
6546,45
6547,45
6548,45
6549,45
6550,45
6551,45
6552,45
6553,45
6554,45
6555,45
6556,45
6557,45
6558,45
6559,45
6560,45
6561,45
6562,45
6563,45
6564,45
6565,45
6566,45
6567,45
6568,45
6569,45
6570,45
6571,45
6572,45
6573,45
6574,45
6575,45
6576,45
6577,45
6578,45
6579,45
6580,45
6581,45
6582,45
6583,45
6584,45
6585,45
6586,45
6587,45
6588,45
6589,45
6590,45
6591,45
6592,45
6593,45
6594,45
6595,45
6596,45
6597,45
6598,45
6599,45
6600,45
6601,45
6602,45
6603,45
6604,45
6605,45
6606,45
6607,45
6608,45
6609,45
6610,45
6611,45
6612,45
6613,45
6614,45
6615,45
6616,45
6617,45
6618,45
6619,45
6620,45
6621,45
6622,45
6623,45
6624,45
6625,45
6626,45
6627,45
6628,45
6629,45
6630,45
6631,45
6632,45
6633,45
6634,45
6635,45
6636,45
6637,45
6638,45
6639,45
6640,45
6641,45
6642,45
6643,45
6644,45
6645,45
6646,45
6647,45
6648,45
6649,45
6650,45
6651,45
6652,45
6653,45
6654,45
6655,45
6656,45
6657,45
6658,45
6659,45
6660,45
6661,45
6662,45
6663,45
6664,45
6665,45
6666,45
6667,45
6668,45
6669,45
6670,45
6671,45
6672,45
6673,45
6674,45
6675,45
6676,45
6677,45
6678,45
6679,45
6680,45
6681,45
6682,45
6683,45
6684,45
6685,45
6686,45
6687,45
6688,45
6689,45
6690,45
6691,45
6692,45
6693,45
6694,45
6695,45
6696,45
6697,45
6698,45
6699,45
6700,45
6701,45
6702,45
6703,45
6704,45
6705,45
6706,45
6707,45
6708,45
6709,45
6710,45
6711,45
6712,45
6713,45
6714,45
6715,45
6716,45
6717,45
6718,45
6719,45
6720,45
6721,45
6722,45
6723,45
6724,45
6725,45
6726,45
6727,45
6728,45
6729,45
6730,45
6731,45
6732,45
6733,45
6734,45
6735,45
6736,45
6737,45
6738,45
6739,45
6740,45
6741,45
6742,45
6743,45
6744,45
6745,45
6746,45
6747,45
6748,45
6749,45
6750,45
6751,45
6752,45
6753,45
6754,45
6755,45
6756,45
6757,45
6758,45
6759,45
6760,45
6761,45
6762,45
6763,45
6764,45
6765,45
6766,45
6767,45
6768,45
6769,45
6770,45
6771,45
6772,45
6773,45
6774,45
6775,45
6776,45
6777,45
6778,45
6779,45
6780,45
6781,45
6782,45
6783,45
6784,45
6785,45
6786,45
6787,45
6788,45
6789,45
6790,45
6791,45
6792,45
6793,45
6794,45
6795,45
6796,45
6797,45
6798,45
6799,45
6800,45
6801,45
6802,45
6803,45
6804,45
6805,45
6806,45
6807,45
6808,45
6809,45
6810,45
6811,45
6812,45
6813,45
6814,45
6815,45
6816,45
6817,45
6818,45
6819,45
6820,45
6821,45
6822,45
6823,45
6824,45
6825,45
6826,45
6827,45
6828,45
6829,45
6830,45
6831,45
6832,45
6833,45
6834,45
6835,45
6836,45
6837,45
6838,45
6839,45
6840,45
6841,45
6842,45
6843,45
6844,45
6845,45
6846,45
6847,45
6848,45
6849,45
6850,45
6851,45
6852,45
6853,45
6854,45
6855,45
6856,45
6857,45
6858,45
6859,45
6860,45
6861,45
6862,45
6863,45
6864,45
6865,45
6866,45
6867,45
6868,45
6869,45
6870,45
6871,45
6872,45
6873,45
6874,45
6875,45
6876,45
6877,45
6878,45
6879,45
6880,45
6881,45
6882,45
6883,45
6884,45
6885,45
6886,45
6887,45
6888,45
6889,45
6890,45
6891,45
6892,45
6893,45
6894,45
6895,45
6896,45
6897,45
6898,45
6899,45
6900,45
6901,45
6902,45
6903,45
6904,45
6905,45
6906,45
6907,45
6908,45
6909,45
6910,45
6911,45
6912,45
6913,45
6914,45
6915,45
6916,45
6917,45
6918,45
6919,45
6920,45
6921,45
6922,45
6923,45
6924,45
6925,45
6926,45
6927,45
6928,45
6929,45
6930,45
6931,45
6932,45
6933,45
6934,45
6935,45
6936,45
6937,45
6938,45
6939,45
6940,45
6941,45
6942,45
6943,45
6944,45
6945,45
6946,45
6947,45
6948,45
6949,45
6950,45
6951,45
6952,45
6953,45
6954,45
6955,45
6956,45
6957,45
6958,45
6959,45
6960,45
6961,45
6962,45
6963,45
6964,45
6965,45
6966,45
6967,45
6968,45
6969,45
6970,45
6971,45
6972,45
6973,45
6974,45
6975,45
6976,45
6977,45
6978,45
6979,45
6980,45
6981,45
6982,45
6983,45
6984,45
6985,45
6986,45
6987,45
6988,45
6989,45
6990,45
6991,45
6992,45
6993,45
6994,45
6995,45
6996,45
6997,45
6998,45
6999,45
7000,45
7001,45
7002,45
7003,45
7004,45
7005,45
7006,45
7007,45
7008,45
7009,45
7010,45
7011,45
7012,45
7013,45
7014,45
7015,45
7016,45
7017,45
7018,45
7019,45
7020,45
7021,45
7022,45
7023,45
7024,45
7025,45
7026,45
7027,45
7028,45
7029,45
7030,45
7031,45
7032,45
7033,45
7034,45
7035,45
7036,45
7037,45
7038,45
7039,45
7040,45
7041,45
7042,45
7043,45
7044,45
7045,45
7046,45
7047,45
7048,45
7049,45
7050,45
7051,45
7052,45
7053,45
7054,45
7055,45
7056,45
7057,45
7058,45
7059,45
7060,45
7061,45
7062,45
7063,45
7064,45
7065,45
7066,45
7067,45
7068,45
7069,45
7070,45
7071,45
7072,45
7073,45
7074,45
7075,45
7076,45
7077,45
7078,45
7079,45
7080,45
7081,45
7082,45
7083,45
7084,45
7085,45
7086,45
7087,45
7088,45
7089,45
7090,45
7091,45
7092,45
7093,45
7094,45
7095,45
7096,45
7097,45
7098,45
7099,45
7100,45
7101,45
7102,45
7103,45
7104,45
7105,45
7106,45
7107,45
7108,45
7109,45
7110,45
7111,45
7112,45
7113,45
7114,45
7115,45
7116,45
7117,45
7118,45
7119,45
7120,45
7121,45
7122,45
7123,45
7124,45
7125,45
7126,45
7127,45
7128,45
7129,45
7130,45
7131,45
7132,45
7133,45
7134,45
7135,45
7136,45
7137,45
7138,45
7139,45
7140,45
7141,45
7142,45
7143,45
7144,45
7145,45
7146,45
7147,45
7148,45
7149,45
7150,45
7151,45
7152,45
7153,45
7154,45
7155,45
7156,45
7157,45
7158,45
7159,45
7160,45
7161,45
7162,45
7163,45
7164,45
7165,45
7166,45
7167,45
7168,45
7169,45
7170,45
7171,45
7172,45
7173,45
7174,45
7175,45
7176,45
7177,45
7178,45
7179,45
7180,45
7181,45
7182,45
7183,45
7184,45
7185,45
7186,45
7187,45
7188,45
7189,45
7190,45
7191,45
7192,45
7193,45
7194,45
7195,45
7196,45
7197,45
7198,45
7199,45
7200,45
7201,45
7202,45
7203,45
7204,45
7205,45
7206,45
7207,45
7208,45
7209,45
7210,45
7211,45
7212,45
7213,45
7214,45
7215,45
7216,45
7217,45
7218,45
7219,45
7220,45
7221,45
7222,45
7223,45
7224,45
7225,45
7226,45
7227,45
7228,45
7229,45
7230,45
7231,45
7232,45
7233,45
7234,45
7235,45
7236,45
7237,45
7238,45
7239,45
7240,45
7241,45
7242,45
7243,45
7244,45
7245,45
7246,45
7247,45
7248,45
7249,45
7250,45
7251,45
7252,45
7253,45
7254,45
7255,45
7256,45
7257,45
7258,45
7259,45
7260,45
7261,45
7262,45
7263,45
7264,45
7265,45
7266,45
7267,45
7268,45
7269,45
7270,45
7271,45
7272,45
7273,45
7274,45
7275,45
7276,45
7277,45
7278,45
7279,45
7280,45
7281,45
7282,45
7283,45
7284,45
7285,45
7286,45
7287,45
7288,45
7289,45
7290,45
7291,45
7292,45
7293,45
7294,45
7295,45
7296,45
7297,45
7298,45
7299,45
7300,45
7301,45
7302,45
7303,45
7304,45
7305,45
7306,45
7307,45
7308,45
7309,45
7310,45
7311,45
7312,45
7313,45
7314,45
7315,45
7316,45
7317,45
7318,45
7319,45
7320,45
7321,45
7322,45
7323,45
7324,45
7325,45
7326,45
7327,45
7328,45
7329,45
7330,45
7331,45
7332,45
7333,45
7334,45
7335,45
7336,45
7337,45
7338,45
7339,45
7340,45
7341,45
7342,45
7343,45
7344,45
7345,45
7346,45
7347,45
7348,45
7349,45
7350,45
7351,45
7352,45
7353,45
7354,45
7355,45
7356,45
7357,45
7358,45
7359,45
7360,45
7361,45
7362,45
7363,45
7364,45
7365,45
7366,45
7367,45
7368,45
7369,45
7370,45
7371,45
7372,45
7373,45
7374,45
7375,45
7376,45
7377,45
7378,45
7379,45
7380,45
7381,45
7382,45
7383,45
7384,45
7385,45
7386,45
7387,45
7388,45
7389,45
7390,45
7391,45
7392,45
7393,45
7394,45
7395,45
7396,45
7397,45
7398,45
7399,45
7400,45
7401,45
7402,45
7403,45
7404,45
7405,45
7406,45
7407,45
7408,45
7409,45
7410,45
7411,45
7412,45
7413,45
7414,45
7415,45
7416,45
7417,45
7418,45
7419,45
7420,45
7421,45
7422,45
7423,45
7424,45
7425,45
7426,45
7427,45
7428,45
7429,45
7430,45
7431,45
7432,45
7433,45
7434,45
7435,45
7436,45
7437,45
7438,45
7439,45
7440,45
7441,45
7442,45
7443,45
7444,45
7445,45
7446,45
7447,45
7448,45
7449,45
7450,45
7451,45
7452,45
7453,45
7454,45
7455,45
7456,45
7457,45
7458,45
7459,45
7460,45
7461,45
7462,45
7463,45
7464,45
7465,45
7466,45
7467,45
7468,45
7469,45
7470,45
7471,45
7472,45
7473,45
7474,45
7475,45
7476,45
7477,45
7478,45
7479,45
7480,45
7481,45
7482,45
7483,45
7484,45
7485,45
7486,45
7487,45
7488,45
7489,45
7490,45
7491,45
7492,45
7493,45
7494,45
7495,45
7496,45
7497,45
7498,45
7499,45
7500,45
7501,45
7502,45
7503,45
7504,45
7505,45
7506,45
7507,45
7508,45
7509,45
7510,45
7511,45
7512,45
7513,45
7514,45
7515,45
7516,45
7517,45
7518,45
7519,45
7520,45
7521,45
7522,45
7523,45
7524,45
7525,45
7526,45
7527,45
7528,45
7529,45
7530,45
7531,45
7532,45
7533,45
7534,45
7535,45
7536,45
7537,45
7538,45
7539,45
7540,45
7541,45
7542,45
7543,45
7544,45
7545,45
7546,45
7547,45
7548,45
7549,45
7550,45
7551,45
7552,45
7553,45
7554,45
7555,45
7556,45
7557,45
7558,45
7559,45
7560,45
7561,45
7562,45
7563,45
7564,45
7565,45
7566,45
7567,45
7568,45
7569,45
7570,45
7571,45
7572,45
7573,45
7574,45
7575,45
7576,45
7577,45
7578,45
7579,45
7580,45
7581,45
7582,45
7583,45
7584,45
7585,45
7586,45
7587,45
7588,45
7589,45
7590,45
7591,45
7592,45
7593,45
7594,45
7595,45
7596,45
7597,45
7598,45
7599,45
7600,45
7601,45
7602,45
7603,45
7604,45
7605,45
7606,45
7607,45
7608,45
7609,45
7610,45
7611,45
7612,45
7613,45
7614,45
7615,45
7616,45
7617,45
7618,45
7619,45
7620,45
7621,45
7622,45
7623,45
7624,45
7625,45
7626,45
7627,45
7628,45
7629,45
7630,45
7631,45
7632,45
7633,45
7634,45
7635,45
7636,45
7637,45
7638,45
7639,45
7640,45
7641,45
7642,45
7643,45
7644,45
7645,45
7646,45
7647,45
7648,45
7649,45
7650,45
7651,45
7652,45
7653,45
7654,45
7655,45
7656,45
7657,45
7658,45
7659,45
7660,45
7661,45
7662,45
7663,45
7664,45
7665,45
7666,45
7667,45
7668,45
7669,45
7670,45
7671,45
7672,45
7673,45
7674,45
7675,45
7676,45
7677,45
7678,45
7679,45
7680,45
7681,45
7682,45
7683,45
7684,45
7685,45
7686,45
7687,45
7688,45
7689,45
7690,45
7691,45
7692,45
7693,45
7694,45
7695,45
7696,45
7697,45
7698,45
7699,45
7700,45
7701,45
7702,45
7703,45
7704,45
7705,45
7706,45
7707,45
7708,45
7709,45
7710,45
7711,45
7712,45
7713,45
7714,45
7715,45
7716,45
7717,45
7718,45
7719,45
7720,45
7721,45
7722,45
7723,45
7724,45
7725,45
7726,45
7727,45
7728,45
7729,45
7730,45
7731,45
7732,45
7733,45
7734,45
7735,45
7736,45
7737,45
7738,45
7739,45
7740,45
7741,45
7742,45
7743,45
7744,45
7745,45
7746,45
7747,45
7748,45
7749,45
7750,45
7751,45
7752,45
7753,45
7754,45
7755,45
7756,45
7757,45
7758,45
7759,45
7760,45
7761,45
7762,45
7763,45
7764,45
7765,45
7766,45
7767,45
7768,45
7769,45
7770,45
7771,45
7772,45
7773,45
7774,45
7775,45
7776,45
7777,45
7778,45
7779,45
7780,45
7781,45
7782,45
7783,45
7784,45
7785,45
7786,45
7787,45
7788,45
7789,45
7790,45
7791,45
7792,45
7793,45
7794,45
7795,45
7796,45
7797,45
7798,45
7799,45
7800,45
7801,45
7802,45
7803,45
7804,45
7805,45
7806,45
7807,45
7808,45
7809,45
7810,45
7811,45
7812,45
7813,45
7814,45
7815,45
7816,45
7817,45
7818,45
7819,45
7820,45
7821,45
7822,45
7823,45
7824,45
7825,45
7826,45
7827,45
7828,45
7829,45
7830,45
7831,45
7832,45
7833,45
7834,45
7835,45
7836,45
7837,45
7838,45
7839,45
7840,45
7841,45
7842,45
7843,45
7844,45
7845,45
7846,45
7847,45
7848,45
7849,45
7850,45
7851,45
7852,45
7853,45
7854,45
7855,45
7856,45
7857,45
7858,45
7859,45
7860,45
7861,45
7862,45
7863,45
7864,45
7865,45
7866,45
7867,45
7868,45
7869,45
7870,45
7871,45
7872,45
7873,45
7874,45
7875,45
7876,45
7877,45
7878,45
7879,45
7880,45
7881,45
7882,45
7883,45
7884,45
7885,45
7886,45
7887,45
7888,45
7889,45
7890,45
7891,45
7892,45
7893,45
7894,45
7895,45
7896,45
7897,45
7898,45
7899,45
7900,45
7901,45
7902,45
7903,45
7904,45
7905,45
7906,45
7907,45
7908,45
7909,45
7910,45
7911,45
7912,45
7913,45
7914,45
7915,45
7916,45
7917,45
7918,45
7919,45
7920,45
7921,45
7922,45
7923,45
7924,45
7925,45
7926,45
7927,45
7928,45
7929,45
7930,45
7931,45
7932,45
7933,45
7934,45
7935,45
7936,45
7937,45
7938,45
7939,45
7940,45
7941,45
7942,45
7943,45
7944,45
7945,45
7946,45
7947,45
7948,45
7949,45
7950,45
7951,45
7952,45
7953,45
7954,45
7955,45
7956,45
7957,45
7958,45
7959,45
7960,45
7961,45
7962,45
7963,45
7964,45
7965,45
7966,45
7967,45
7968,45
7969,45
7970,45
7971,45
7972,45
7973,45
7974,45
7975,45
7976,45
7977,45
7978,45
7979,45
7980,45
7981,45
7982,45
7983,45
7984,45
7985,45
7986,45
7987,45
7988,45
7989,45
7990,45
7991,45
7992,45
7993,45
7994,45
7995,45
7996,45
7997,45
7998,45
7999,45
8000,45
8001,45
8002,45
8003,45
8004,45
8005,45
8006,45
8007,45
8008,45
8009,45
8010,45
8011,45
8012,45
8013,45
8014,45
8015,45
8016,45
8017,45
8018,45
8019,45
8020,45
8021,45
8022,45
8023,45
8024,45
8025,45
8026,45
8027,45
8028,45
8029,45
8030,45
8031,45
8032,45
8033,45
8034,45
8035,45
8036,45
8037,45
8038,45
8039,45
8040,45
8041,45
8042,45
8043,45
8044,45
8045,45
8046,45
8047,45
8048,45
8049,45
8050,45
8051,45
8052,45
8053,45
8054,45
8055,45
8056,45
8057,45
8058,45
8059,45
8060,45
8061,45
8062,45
8063,45
8064,45
8065,45
8066,45
8067,45
8068,45
8069,45
8070,45
8071,45
8072,45
8073,45
8074,45
8075,45
8076,45
8077,45
8078,45
8079,45
8080,45
8081,45
8082,45
8083,45
8084,45
8085,45
8086,45
8087,45
8088,45
8089,45
8090,45
8091,45
8092,45
8093,45
8094,45
8095,45
8096,45
8097,45
8098,45
8099,45
8100,45
8101,45
8102,45
8103,45
8104,45
8105,45
8106,45
8107,45
8108,45
8109,45
8110,45
8111,45
8112,45
8113,45
8114,45
8115,45
8116,45
8117,45
8118,45
8119,45
8120,45
8121,45
8122,45
8123,45
8124,45
8125,45
8126,45
8127,45
8128,45
8129,45
8130,45
8131,45
8132,45
8133,45
8134,45
8135,45
8136,45
8137,45
8138,45
8139,45
8140,45
8141,45
8142,45
8143,45
8144,45
8145,45
8146,45
8147,45
8148,45
8149,45
8150,45
8151,45
8152,45
8153,45
8154,45
8155,45
8156,45
8157,45
8158,45
8159,45
8160,45
8161,45
8162,45
8163,45
8164,45
8165,45
8166,45
8167,45
8168,45
8169,45
8170,45
8171,45
8172,45
8173,45
8174,45
8175,45
8176,45
8177,45
8178,45
8179,45
8180,45
8181,45
8182,45
8183,45
8184,45
8185,45
8186,45
8187,45
8188,45
8189,45
8190,45
8191,45
8192,45
8193,45
8194,45
8195,45
8196,45
8197,45
8198,45
8199,45
8200,45
8201,45
8202,45
8203,45
8204,45
8205,45
8206,45
8207,45
8208,45
8209,45
8210,45
8211,45
8212,45
8213,45
8214,45
8215,45
8216,45
8217,45
8218,45
8219,45
8220,45
8221,45
8222,45
8223,45
8224,45
8225,45
8226,45
8227,45
8228,45
8229,45
8230,45
8231,45
8232,45
8233,45
8234,45
8235,45
8236,45
8237,45
8238,45
8239,45
8240,45
8241,45
8242,45
8243,45
8244,45
8245,45
8246,45
8247,45
8248,45
8249,45
8250,45
8251,45
8252,45
8253,45
8254,45
8255,45
8256,45
8257,45
8258,45
8259,45
8260,45
8261,45
8262,45
8263,45
8264,45
8265,45
8266,45
8267,45
8268,45
8269,45
8270,45
8271,45
8272,45
8273,45
8274,45
8275,45
8276,45
8277,45
8278,45
8279,45
8280,45
8281,45
8282,45
8283,45
8284,45
8285,45
8286,45
8287,45
8288,45
8289,45
8290,45
8291,45
8292,45
8293,45
8294,45
8295,45
8296,45
8297,45
8298,45
8299,45
8300,45
8301,45
8302,45
8303,45
8304,45
8305,45
8306,45
8307,45
8308,45
8309,45
8310,45
8311,45
8312,45
8313,45
8314,45
8315,45
8316,45
8317,45
8318,45
8319,45
8320,45
8321,45
8322,45
8323,45
8324,45
8325,45
8326,45
8327,45
8328,45
8329,45
8330,45
8331,45
8332,45
8333,45
8334,45
8335,45
8336,45
8337,45
8338,45
8339,45
8340,45
8341,45
8342,45
8343,45
8344,45
8345,45
8346,45
8347,45
8348,45
8349,45
8350,45
8351,45
8352,45
8353,45
8354,45
8355,45
8356,45
8357,45
8358,45
8359,45
8360,45
8361,45
8362,45
8363,45
8364,45
8365,45
8366,45
8367,45
8368,45
8369,45
8370,45
8371,45
8372,45
8373,45
8374,45
8375,45
8376,45
8377,45
8378,45
8379,45
8380,45
8381,45
8382,45
8383,45
8384,45
8385,45
8386,45
8387,45
8388,45
8389,45
8390,45
8391,45
8392,45
8393,45
8394,45
8395,45
8396,45
8397,45
8398,45
8399,45
8400,45
8401,45
8402,45
8403,45
8404,45
8405,45
8406,45
8407,45
8408,45
8409,45
8410,45
8411,45
8412,45
8413,45
8414,45
8415,45
8416,45
8417,45
8418,45
8419,45
8420,45
8421,45
8422,45
8423,45
8424,45
8425,45
8426,45
8427,45
8428,45
8429,45
8430,45
8431,45
8432,45
8433,45
8434,45
8435,45
8436,45
8437,45
8438,45
8439,45
8440,45
8441,45
8442,45
8443,45
8444,45
8445,45
8446,45
8447,45
8448,45
8449,45
8450,45
8451,45
8452,45
8453,45
8454,45
8455,45
8456,45
8457,45
8458,45
8459,45
8460,45
8461,45
8462,45
8463,45
8464,45
8465,45
8466,45
8467,45
8468,45
8469,45
8470,45
8471,45
8472,45
8473,45
8474,45
8475,45
8476,45
8477,45
8478,45
8479,45
8480,45
8481,45
8482,45
8483,45
8484,45
8485,45
8486,45
8487,45
8488,45
8489,45
8490,45
8491,45
8492,45
8493,45
8494,45
8495,45
8496,45
8497,45
8498,45
8499,45
8500,45
8501,45
8502,45
8503,45
8504,45
8505,45
8506,45
8507,45
8508,45
8509,45
8510,45
8511,45
8512,45
8513,45
8514,45
8515,45
8516,45
8517,45
8518,45
8519,45
8520,45
8521,45
8522,45
8523,45
8524,45
8525,45
8526,45
8527,45
8528,45
8529,45
8530,45
8531,45
8532,45
8533,45
8534,45
8535,45
8536,45
8537,45
8538,45
8539,45
8540,45
8541,45
8542,45
8543,45
8544,45
8545,45
8546,45
8547,45
8548,45
8549,45
8550,45
8551,45
8552,45
8553,45
8554,45
8555,45
8556,45
8557,45
8558,45
8559,45
8560,45
8561,45
8562,45
8563,45
8564,45
8565,45
8566,45
8567,45
8568,45
8569,45
8570,45
8571,45
8572,45
8573,45
8574,45
8575,45
8576,45
8577,45
8578,45
8579,45
8580,45
8581,45
8582,45
8583,45
8584,45
8585,45
8586,45
8587,45
8588,45
8589,45
8590,45
8591,45
8592,45
8593,45
8594,45
8595,45
8596,45
8597,45
8598,45
8599,45
8600,45
8601,45
8602,45
8603,45
8604,45
8605,45
8606,45
8607,45
8608,45
8609,45
8610,45
8611,45
8612,45
8613,45
8614,45
8615,45
8616,45
8617,45
8618,45
8619,45
8620,45
8621,45
8622,45
8623,45
8624,45
8625,45
8626,45
8627,45
8628,45
8629,45
8630,45
8631,45
8632,45
8633,45
8634,45
8635,45
8636,45
8637,45
8638,45
8639,45
8640,45
8641,45
8642,45
8643,45
8644,45
8645,45
8646,45
8647,45
8648,45
8649,45
8650,45
8651,45
8652,45
8653,45
8654,45
8655,45
8656,45
8657,45
8658,45
8659,45
8660,45
8661,45
8662,45
8663,45
8664,45
8665,45
8666,45
8667,45
8668,45
8669,45
8670,45
8671,45
8672,45
8673,45
8674,45
8675,45
8676,45
8677,45
8678,45
8679,45
8680,45
8681,45
8682,45
8683,45
8684,45
8685,45
8686,45
8687,45
8688,45
8689,45
8690,45
8691,45
8692,45
8693,45
8694,45
8695,45
8696,45
8697,45
8698,45
8699,45
8700,45
8701,45
8702,45
8703,45
8704,45
8705,45
8706,45
8707,45
8708,45
8709,45
8710,45
8711,45
8712,45
8713,45
8714,45
8715,45
8716,45
8717,45
8718,45
8719,45
8720,45
8721,45
8722,45
8723,45
8724,45
8725,45
8726,45
8727,45
8728,45
8729,45
8730,45
8731,45
8732,45
8733,45
8734,45
8735,45
8736,45
8737,45
8738,45
8739,45
8740,45
8741,45
8742,45
8743,45
8744,45
8745,45
8746,45
8747,45
8748,45
8749,45
8750,45
8751,45
8752,45
8753,45
8754,45
8755,45
8756,45
8757,45
8758,45
8759,45
8760,45
8761,45
8762,45
8763,45
8764,45
8765,45
8766,45
8767,45
8768,45
8769,45
8770,45
8771,45
8772,45
8773,45
8774,45
8775,45
8776,45
8777,45
8778,45
8779,45
8780,45
8781,45
8782,45
8783,45
8784,45
8785,45
8786,45
8787,45
8788,45
8789,45
8790,45
8791,45
8792,45
8793,45
8794,45
8795,45
8796,45
8797,45
8798,45
8799,45
8800,45
8801,45
8802,45
8803,45
8804,45
8805,45
8806,45
8807,45
8808,45
8809,45
8810,45
8811,45
8812,45
8813,45
8814,45
8815,45
8816,45
8817,45
8818,45
8819,45
8820,45
8821,45
8822,45
8823,45
8824,45
8825,45
8826,45
8827,45
8828,45
8829,45
8830,45
8831,45
8832,45
8833,45
8834,45
8835,45
8836,45
8837,45
8838,45
8839,45
8840,45
8841,45
8842,45
8843,45
8844,45
8845,45
8846,45
8847,45
8848,45
8849,45
8850,45
8851,45
8852,45
8853,45
8854,45
8855,45
8856,45
8857,45
8858,45
8859,45
8860,45
8861,45
8862,45
8863,45
8864,45
8865,45
8866,45
8867,45
8868,45
8869,45
8870,45
8871,45
8872,45
8873,45
8874,45
8875,45
8876,45
8877,45
8878,45
8879,45
8880,45
8881,45
8882,45
8883,45
8884,45
8885,45
8886,45
8887,45
8888,45
8889,45
8890,45
8891,45
8892,45
8893,45
8894,45
8895,45
8896,45
8897,45
8898,45
8899,45
8900,45
8901,45
8902,45
8903,45
8904,45
8905,45
8906,45
8907,45
8908,45
8909,45
8910,45
8911,45
8912,45
8913,45
8914,45
8915,45
8916,45
8917,45
8918,45
8919,45
8920,45
8921,45
8922,45
8923,45
8924,45
8925,45
8926,45
8927,45
8928,45
8929,45
8930,45
8931,45
8932,45
8933,45
8934,45
8935,45
8936,45
8937,45
8938,45
8939,45
8940,45
8941,45
8942,45
8943,45
8944,45
8945,45
8946,45
8947,45
8948,45
8949,45
8950,45
8951,45
8952,45
8953,45
8954,45
8955,45
8956,45
8957,45
8958,45
8959,45
8960,45
8961,45
8962,45
8963,45
8964,45
8965,45
8966,45
8967,45
8968,45
8969,45
8970,45
8971,45
8972,45
8973,45
8974,45
8975,45
8976,45
8977,45
8978,45
8979,45
8980,45
8981,45
8982,45
8983,45
8984,45
8985,45
8986,45
8987,45
8988,45
8989,45
8990,45
8991,45
8992,45
8993,45
8994,45
8995,45
8996,45
8997,45
8998,45
8999,45
9000,45
9001,45
9002,45
9003,45
9004,45
9005,45
9006,45
9007,45
9008,45
9009,45
9010,45
9011,45
9012,45
9013,45
9014,45
9015,45
9016,45
9017,45
9018,45
9019,45
9020,45
9021,45
9022,45
9023,45
9024,45
9025,45
9026,45
9027,45
9028,45
9029,45
9030,45
9031,45
9032,45
9033,45
9034,45
9035,45
9036,45
9037,45
9038,45
9039,45
9040,45
9041,45
9042,45
9043,45
9044,45
9045,45
9046,45
9047,45
9048,45
9049,45
9050,45
9051,45
9052,45
9053,45
9054,45
9055,45
9056,45
9057,45
9058,45
9059,45
9060,45
9061,45
9062,45
9063,45
9064,45
9065,45
9066,45
9067,45
9068,45
9069,45
9070,45
9071,45
9072,45
9073,45
9074,45
9075,45
9076,45
9077,45
9078,45
9079,45
9080,45
9081,45
9082,45
9083,45
9084,45
9085,45
9086,45
9087,45
9088,45
9089,45
9090,45
9091,45
9092,45
9093,45
9094,45
9095,45
9096,45
9097,45
9098,45
9099,45
9100,45
9101,45
9102,45
9103,45
9104,45
9105,45
9106,45
9107,45
9108,45
9109,45
9110,45
9111,45
9112,45
9113,45
9114,45
9115,45
9116,45
9117,45
9118,45
9119,45
9120,45
9121,45
9122,45
9123,45
9124,45
9125,45
9126,45
9127,45
9128,45
9129,45
9130,45
9131,45
9132,45
9133,45
9134,45
9135,45
9136,45
9137,45
9138,45
9139,45
9140,45
9141,45
9142,45
9143,45
9144,45
9145,45
9146,45
9147,45
9148,45
9149,45
9150,45
9151,45
9152,45
9153,45
9154,45
9155,45
9156,45
9157,45
9158,45
9159,45
9160,45
9161,45
9162,45
9163,45
9164,45
9165,45
9166,45
9167,45
9168,45
9169,45
9170,45
9171,45
9172,45
9173,45
9174,45
9175,45
9176,45
9177,45
9178,45
9179,45
9180,45
9181,45
9182,45
9183,45
9184,45
9185,45
9186,45
9187,45
9188,45
9189,45
9190,45
9191,45
9192,45
9193,45
9194,45
9195,45
9196,45
9197,45
9198,45
9199,45
9200,45
9201,45
9202,45
9203,45
9204,45
9205,45
9206,45
9207,45
9208,45
9209,45
9210,45
9211,45
9212,45
9213,45
9214,45
9215,45
9216,45
9217,45
9218,45
9219,45
9220,45
9221,45
9222,45
9223,45
9224,45
9225,45
9226,45
9227,45
9228,45
9229,45
9230,45
9231,45
9232,45
9233,45
9234,45
9235,45
9236,45
9237,45
9238,45
9239,45
9240,45
9241,45
9242,45
9243,45
9244,45
9245,45
9246,45
9247,45
9248,45
9249,45
9250,45
9251,45
9252,45
9253,45
9254,45
9255,45
9256,45
9257,45
9258,45
9259,45
9260,45
9261,45
9262,45
9263,45
9264,45
9265,45
9266,45
9267,45
9268,45
9269,45
9270,45
9271,45
9272,45
9273,45
9274,45
9275,45
9276,45
9277,45
9278,45
9279,45
9280,45
9281,45
9282,45
9283,45
9284,45
9285,45
9286,45
9287,45
9288,45
9289,45
9290,45
9291,45
9292,45
9293,45
9294,45
9295,45
9296,45
9297,45
9298,45
9299,45
9300,45
9301,45
9302,45
9303,45
9304,45
9305,45
9306,45
9307,45
9308,45
9309,45
9310,45
9311,45
9312,45
9313,45
9314,45
9315,45
9316,45
9317,45
9318,45
9319,45
9320,45
9321,45
9322,45
9323,45
9324,45
9325,45
9326,45
9327,45
9328,45
9329,45
9330,45
9331,45
9332,45
9333,45
9334,45
9335,45
9336,45
9337,45
9338,45
9339,45
9340,45
9341,45
9342,45
9343,45
9344,45
9345,45
9346,45
9347,45
9348,45
9349,45
9350,45
9351,45
9352,45
9353,45
9354,45
9355,45
9356,45
9357,45
9358,45
9359,45
9360,45
9361,45
9362,45
9363,45
9364,45
9365,45
9366,45
9367,45
9368,45
9369,45
9370,45
9371,45
9372,45
9373,45
9374,45
9375,45
9376,45
9377,45
9378,45
9379,45
9380,45
9381,45
9382,45
9383,45
9384,45
9385,45
9386,45
9387,45
9388,45
9389,45
9390,45
9391,45
9392,45
9393,45
9394,45
9395,45
9396,45
9397,45
9398,45
9399,45
9400,45
9401,45
9402,45
9403,45
9404,45
9405,45
9406,45
9407,45
9408,45
9409,45
9410,45
9411,45
9412,45
9413,45
9414,45
9415,45
9416,45
9417,45
9418,45
9419,45
9420,45
9421,45
9422,45
9423,45
9424,45
9425,45
9426,45
9427,45
9428,45
9429,45
9430,45
9431,45
9432,45
9433,45
9434,45
9435,45
9436,45
9437,45
9438,45
9439,45
9440,45
9441,45
9442,45
9443,45
9444,45
9445,45
9446,45
9447,45
9448,45
9449,45
9450,45
9451,45
9452,45
9453,45
9454,45
9455,45
9456,45
9457,45
9458,45
9459,45
9460,45
9461,45
9462,45
9463,45
9464,45
9465,45
9466,45
9467,45
9468,45
9469,45
9470,45
9471,45
9472,45
9473,45
9474,45
9475,45
9476,45
9477,45
9478,45
9479,45
9480,45
9481,45
9482,45
9483,45
9484,45
9485,45
9486,45
9487,45
9488,45
9489,45
9490,45
9491,45
9492,45
9493,45
9494,45
9495,45
9496,45
9497,45
9498,45
9499,45
9500,45
9501,45
9502,45
9503,45
9504,45
9505,45
9506,45
9507,45
9508,45
9509,45
9510,45
9511,45
9512,45
9513,45
9514,45
9515,45
9516,45
9517,45
9518,45
9519,45
9520,45
9521,45
9522,45
9523,45
9524,45
9525,45
9526,45
9527,45
9528,45
9529,45
9530,45
9531,45
9532,45
9533,45
9534,45
9535,45
9536,45
9537,45
9538,45
9539,45
9540,45
9541,45
9542,45
9543,45
9544,45
9545,45
9546,45
9547,45
9548,45
9549,45
9550,45
9551,45
9552,45
9553,45
9554,45
9555,45
9556,45
9557,45
9558,45
9559,45
9560,45
9561,45
9562,45
9563,45
9564,45
9565,45
9566,45
9567,45
9568,45
9569,45
9570,45
9571,45
9572,45
9573,45
9574,45
9575,45
9576,45
9577,45
9578,45
9579,45
9580,45
9581,45
9582,45
9583,45
9584,45
9585,45
9586,45
9587,45
9588,45
9589,45
9590,45
9591,45
9592,45
9593,45
9594,45
9595,45
9596,45
9597,45
9598,45
9599,45
9600,45
9601,45
9602,45
9603,45
9604,45
9605,45
9606,45
9607,45
9608,45
9609,45
9610,45
9611,45
9612,45
9613,45
9614,45
9615,45
9616,45
9617,45
9618,45
9619,45
9620,45
9621,45
9622,45
9623,45
9624,45
9625,45
9626,45
9627,45
9628,45
9629,45
9630,45
9631,45
9632,45
9633,45
9634,45
9635,45
9636,45
9637,45
9638,45
9639,45
9640,45
9641,45
9642,45
9643,45
9644,45
9645,45
9646,45
9647,45
9648,45
9649,45
9650,45
9651,45
9652,45
9653,45
9654,45
9655,45
9656,45
9657,45
9658,45
9659,45
9660,45
9661,45
9662,45
9663,45
9664,45
9665,45
9666,45
9667,45
9668,45
9669,45
9670,45
9671,45
9672,45
9673,45
9674,45
9675,45
9676,45
9677,45
9678,45
9679,45
9680,45
9681,45
9682,45
9683,45
9684,45
9685,45
9686,45
9687,45
9688,45
9689,45
9690,45
9691,45
9692,45
9693,45
9694,45
9695,45
9696,45
9697,45
9698,45
9699,45
9700,45
9701,45
9702,45
9703,45
9704,45
9705,45
9706,45
9707,45
9708,45
9709,45
9710,45
9711,45
9712,45
9713,45
9714,45
9715,45
9716,45
9717,45
9718,45
9719,45
9720,45
9721,45
9722,45
9723,45
9724,45
9725,45
9726,45
9727,45
9728,45
9729,45
9730,45
9731,45
9732,45
9733,45
9734,45
9735,45
9736,45
9737,45
9738,45
9739,45
9740,45
9741,45
9742,45
9743,45
9744,45
9745,45
9746,45
9747,45
9748,45
9749,45
9750,45
9751,45
9752,45
9753,45
9754,45
9755,45
9756,45
9757,45
9758,45
9759,45
9760,45
9761,45
9762,45
9763,45
9764,45
9765,45
9766,45
9767,45
9768,45
9769,45
9770,45
9771,45
9772,45
9773,45
9774,45
9775,45
9776,45
9777,45
9778,45
9779,45
9780,45
9781,45
9782,45
9783,45
9784,45
9785,45
9786,45
9787,45
9788,45
9789,45
9790,45
9791,45
9792,45
9793,45
9794,45
9795,45
9796,45
9797,45
9798,45
9799,45
9800,45
9801,45
9802,45
9803,45
9804,45
9805,45
9806,45
9807,45
9808,45
9809,45
9810,45
9811,45
9812,45
9813,45
9814,45
9815,45
9816,45
9817,45
9818,45
9819,45
9820,45
9821,45
9822,45
9823,45
9824,45
9825,45
9826,45
9827,45
9828,45
9829,45
9830,45
9831,45
9832,45
9833,45
9834,45
9835,45
9836,45
9837,45
9838,45
9839,45
9840,45
9841,45
9842,45
9843,45
9844,45
9845,45
9846,45
9847,45
9848,45
9849,45
9850,45
9851,45
9852,45
9853,45
9854,45
9855,45
9856,45
9857,45
9858,45
9859,45
9860,45
9861,45
9862,45
9863,45
9864,45
9865,45
9866,45
9867,45
9868,45
9869,45
9870,45
9871,45
9872,45
9873,45
9874,45
9875,45
9876,45
9877,45
9878,45
9879,45
9880,45
9881,45
9882,45
9883,45
9884,45
9885,45
9886,45
9887,45
9888,45
9889,45
9890,45
9891,45
9892,45
9893,45
9894,45
9895,45
9896,45
9897,45
9898,45
9899,45
9900,45
9901,45
9902,45
9903,45
9904,45
9905,45
9906,45
9907,45
9908,45
9909,45
9910,45
9911,45
9912,45
9913,45
9914,45
9915,45
9916,45
9917,45
9918,45
9919,45
9920,45
9921,45
9922,45
9923,45
9924,45
9925,45
9926,45
9927,45
9928,45
9929,45
9930,45
9931,45
9932,45
9933,45
9934,45
9935,45
9936,45
9937,45
9938,45
9939,45
9940,45
9941,45
9942,45
9943,45
9944,45
9945,45
9946,45
9947,45
9948,45
9949,45
9950,45
9951,45
9952,45
9953,45
9954,45
9955,45
9956,45
9957,45
9958,45
9959,45
9960,45
9961,45
9962,45
9963,45
9964,45
9965,45
9966,45
9967,45
9968,45
9969,45
9970,45
9971,45
9972,45
9973,45
9974,45
9975,45
9976,45
9977,45
9978,45
9979,45
9980,45
9981,45
9982,45
9983,45
9984,45
9985,45
9986,45
9987,45
9988,45
9989,45
9990,45
9991,45
9992,45
9993,45
9994,45
9995,45
9996,45
9997,45
9998,45
9999,45
10000,45
10001,45
10002,45
10003,45
10004,45
10005,45
10006,45
10007,45
10008,45
10009,45
10010,45
10011,45
10012,45
10013,45
10014,45
10015,45
10016,45
10017,45
10018,45
10019,45
10020,45
10021,45
10022,45
10023,45
10024,45
10025,45
10026,45
10027,45
10028,45
10029,45
10030,45
10031,45
10032,45
10033,45
10034,45
10035,45
10036,45
10037,45
10038,45
10039,45
10040,45
10041,45
10042,45
10043,45
10044,45
10045,45
10046,45
10047,45
10048,45
10049,45
10050,45
10051,45
10052,45
10053,45
10054,45
10055,45
10056,45
10057,45
10058,45
10059,45
10060,45
10061,45
10062,45
10063,45
10064,45
10065,45
10066,45
10067,45
10068,45
10069,45
10070,45
10071,45
10072,45
10073,45
10074,45
10075,45
10076,45
10077,45
10078,45
10079,45
10080,45
10081,45
10082,45
10083,45
10084,45
10085,45
10086,45
10087,45
10088,45
10089,45
10090,45
10091,45
10092,45
10093,45
10094,45
10095,45
10096,45
10097,45
10098,45
10099,45
10100,45
10101,45
10102,45
10103,45
10104,45
10105,45
10106,45
10107,45
10108,45
10109,45
10110,45
10111,45
10112,45
10113,45
10114,45
10115,45
10116,45
10117,45
10118,45
10119,45
10120,45
10121,45
10122,45
10123,45
10124,45
10125,45
10126,45
10127,45
10128,45
10129,45
10130,45
10131,45
10132,45
10133,45
10134,45
10135,45
10136,45
10137,45
10138,45
10139,45
10140,45
10141,45
10142,45
10143,45
10144,45
10145,45
10146,45
10147,45
10148,45
10149,45
10150,45
10151,45
10152,45
10153,45
10154,45
10155,45
10156,45
10157,45
10158,45
10159,45
10160,45
10161,45
10162,45
10163,45
10164,45
10165,45
10166,45
10167,45
10168,45
10169,45
10170,45
10171,45
10172,45
10173,45
10174,45
10175,45
10176,45
10177,45
10178,45
10179,45
10180,45
10181,45
10182,45
10183,45
10184,45
10185,45
10186,45
10187,45
10188,45
10189,45
10190,45
10191,45
10192,45
10193,45
10194,45
10195,45
10196,45
10197,45
10198,45
10199,45
10200,45
10201,45
10202,45
10203,45
10204,45
10205,45
10206,45
10207,45
10208,45
10209,45
10210,45
10211,45
10212,45
10213,45
10214,45
10215,45
10216,45
10217,45
10218,45
10219,45
10220,45
10221,45
10222,45
10223,45
10224,45
10225,45
10226,45
10227,45
10228,45
10229,45
10230,45
10231,45
10232,45
10233,45
10234,45
10235,45
10236,45
10237,45
10238,45
10239,45
10240,45
10241,45
10242,45
10243,45
10244,45
10245,45
10246,45
10247,45
10248,45
10249,45
10250,45
10251,45
10252,45
10253,45
10254,45
10255,45
10256,45
10257,45
10258,45
10259,45
10260,45
10261,45
10262,45
10263,45
10264,45
10265,45
10266,45
10267,45
10268,45
10269,45
10270,45
10271,45
10272,45
10273,45
10274,45
10275,45
10276,45
10277,45
10278,45
10279,45
10280,45
10281,45
10282,45
10283,45
10284,45
10285,45
10286,45
10287,45
10288,45
10289,45
10290,45
10291,45
10292,45
10293,45
10294,45
10295,45
10296,45
10297,45
10298,45
10299,45
10300,45
10301,45
10302,45
10303,45
10304,45
10305,45
10306,45
10307,45
10308,45
10309,45
10310,45
10311,45
10312,45
10313,45
10314,45
10315,45
10316,45
10317,45
10318,45
10319,45
10320,45
10321,45
10322,45
10323,45
10324,45
10325,45
10326,45
10327,45
10328,45
10329,45
10330,45
10331,45
10332,45
10333,45
10334,45
10335,45
10336,45
10337,45
10338,45
10339,45
10340,45
10341,45
10342,45
10343,45
10344,45
10345,45
10346,45
10347,45
10348,45
10349,45
10350,45
10351,45
10352,45
10353,45
10354,45
10355,45
10356,45
10357,45
10358,45
10359,45
10360,45
10361,45
10362,45
10363,45
10364,45
10365,45
10366,45
10367,45
10368,45
10369,45
10370,45
10371,45
10372,45
10373,45
10374,45
10375,45
10376,45
10377,45
10378,45
10379,45
10380,45
10381,45
10382,45
10383,45
10384,45
10385,45
10386,45
10387,45
10388,45
10389,45
10390,45
10391,45
10392,45
10393,45
10394,45
10395,45
10396,45
10397,45
10398,45
10399,45
10400,45
10401,45
10402,45
10403,45
10404,45
10405,45
10406,45
10407,45
10408,45
10409,45
10410,45
10411,45
10412,45
10413,45
10414,45
10415,45
10416,45
10417,45
10418,45
10419,45
10420,45
10421,45
10422,45
10423,45
10424,45
10425,45
10426,45
10427,45
10428,45
10429,45
10430,45
10431,45
10432,45
10433,45
10434,45
10435,45
10436,45
10437,45
10438,45
10439,45
10440,45
10441,45
10442,45
10443,45
10444,45
10445,45
10446,45
10447,45
10448,45
10449,45
10450,45
10451,45
10452,45
10453,45
10454,45
10455,45
10456,45
10457,45
10458,45
10459,45
10460,45
10461,45
10462,45
10463,45
10464,45
10465,45
10466,45
10467,45
10468,45
10469,45
10470,45
10471,45
10472,45
10473,45
10474,45
10475,45
10476,45
10477,45
10478,45
10479,45
10480,45
10481,45
10482,45
10483,45
10484,45
10485,45
10486,45
10487,45
10488,45
10489,45
10490,45
10491,45
10492,45
10493,45
10494,45
10495,45
10496,45
10497,45
10498,45
10499,45
10500,45
10501,45
10502,45
10503,45
10504,45
10505,45
10506,45
10507,45
10508,45
10509,45
10510,45
10511,45
10512,45
10513,45
10514,45
10515,45
10516,45
10517,45
10518,45
10519,45
10520,45
10521,45
10522,45
10523,45
10524,45
10525,45
10526,45
10527,45
10528,45
10529,45
10530,45
10531,45
10532,45
10533,45
10534,45
10535,45
10536,45
10537,45
10538,45
10539,45
10540,45
10541,45
10542,45
10543,45
10544,45
10545,45
10546,45
10547,45
10548,45
10549,45
10550,45
10551,45
10552,45
10553,45
10554,45
10555,45
10556,45
10557,45
10558,45
10559,45
10560,45
10561,45
10562,45
10563,45
10564,45
10565,45
10566,45
10567,45
10568,45
10569,45
10570,45
10571,45
10572,45
10573,45
10574,45
10575,45
10576,45
10577,45
10578,45
10579,45
10580,45
10581,45
10582,45
10583,45
10584,45
10585,45
10586,45
10587,45
10588,45
10589,45
10590,45
10591,45
10592,45
10593,45
10594,45
10595,45
10596,45
10597,45
10598,45
10599,45
10600,45
10601,45
10602,45
10603,45
10604,45
10605,45
10606,45
10607,45
10608,45
10609,45
10610,45
10611,45
10612,45
10613,45
10614,45
10615,45
10616,45
10617,45
10618,45
10619,45
10620,45
10621,45
10622,45
10623,45
10624,45
10625,45
10626,45
10627,45
10628,45
10629,45
10630,45
10631,45
10632,45
10633,45
10634,45
10635,45
10636,45
10637,45
10638,45
10639,45
10640,45
10641,45
10642,45
10643,45
10644,45
10645,45
10646,45
10647,45
10648,45
10649,45
10650,45
10651,45
10652,45
10653,45
10654,45
10655,45
10656,45
10657,45
10658,45
10659,45
10660,45
10661,45
10662,45
10663,45
10664,45
10665,45
10666,45
10667,45
10668,45
10669,45
10670,45
10671,45
10672,45
10673,45
10674,45
10675,45
10676,45
10677,45
10678,45
10679,45
10680,45
10681,45
10682,45
10683,45
10684,45
10685,45
10686,45
10687,45
10688,45
10689,45
10690,45
10691,45
10692,45
10693,45
10694,45
10695,45
10696,45
10697,45
10698,45
10699,45
10700,45
10701,45
10702,45
10703,45
10704,45
10705,45
10706,45
10707,45
10708,45
10709,45
10710,45
10711,45
10712,45
10713,45
10714,45
10715,45
10716,45
10717,45
10718,45
10719,45
10720,45
10721,45
10722,45
10723,45
10724,45
10725,45
10726,45
10727,45
10728,45
10729,45
10730,45
10731,45
10732,45
10733,45
10734,45
10735,45
10736,45
10737,45
10738,45
10739,45
10740,45
10741,45
10742,45
10743,45
10744,45
10745,45
10746,45
10747,45
10748,45
10749,45
10750,45
10751,45
10752,45
10753,45
10754,45
10755,45
10756,45
10757,45
10758,45
10759,45
10760,45
10761,45
10762,45
10763,45
10764,45
10765,45
10766,45
10767,45
10768,45
10769,45
10770,45
10771,45
10772,45
10773,45
10774,45
10775,45
10776,45
10777,45
10778,45
10779,45
10780,45
10781,45
10782,45
10783,45
10784,45
10785,45
10786,45
10787,45
10788,45
10789,45
10790,45
10791,45
10792,45
10793,45
10794,45
10795,45
10796,45
10797,45
10798,45
10799,45
10800,45
10801,45
10802,45
10803,45
10804,45
10805,45
10806,45
10807,45
10808,45
10809,45
10810,45
10811,45
10812,45
10813,45
10814,45
10815,45
10816,45
10817,45
10818,45
10819,45
10820,45
10821,45
10822,45
10823,45
10824,45
10825,45
10826,45
10827,45
10828,45
10829,45
10830,45
10831,45
10832,45
10833,45
10834,45
10835,45
10836,45
10837,45
10838,45
10839,45
10840,45
10841,45
10842,45
10843,45
10844,45
10845,45
10846,45
10847,45
10848,45
10849,45
10850,45
10851,45
10852,45
10853,45
10854,45
10855,45
10856,45
10857,45
10858,45
10859,45
10860,45
10861,45
10862,45
10863,45
10864,45
10865,45
10866,45
10867,45
10868,45
10869,45
10870,45
10871,45
10872,45
10873,45
10874,45
10875,45
10876,45
10877,45
10878,45
10879,45
10880,45
10881,45
10882,45
10883,45
10884,45
10885,45
10886,45
10887,45
10888,45
10889,45
10890,45
10891,45
10892,45
10893,45
10894,45
10895,45
10896,45
10897,45
10898,45
10899,45
10900,45
10901,45
10902,45
10903,45
10904,45
10905,45
10906,45
10907,45
10908,45
10909,45
10910,45
10911,45
10912,45
10913,45
10914,45
10915,45
10916,45
10917,45
10918,45
10919,45
10920,45
10921,45
10922,45
10923,45
10924,45
10925,45
10926,45
10927,45
10928,45
10929,45
10930,45
10931,45
10932,45
10933,45
10934,45
10935,45
10936,45
10937,45
10938,45
10939,45
10940,45
10941,45
10942,45
10943,45
10944,45
10945,45
10946,45
10947,45
10948,45
10949,45
10950,45
10951,45
10952,45
10953,45
10954,45
10955,45
10956,45
10957,45
10958,45
10959,45
10960,45
10961,45
10962,45
10963,45
10964,45
10965,45
10966,45
10967,45
10968,45
10969,45
10970,45
10971,45
10972,45
10973,45
10974,45
10975,45
10976,45
10977,45
10978,45
10979,45
10980,45
10981,45
10982,45
10983,45
10984,45
10985,45
10986,45
10987,45
10988,45
10989,45
10990,45
10991,45
10992,45
10993,45
10994,45
10995,45
10996,45
10997,45
10998,45
10999,45
