0,64
1,64
2,64
3,64
4,64
5,64
6,64
7,64
8,64
9,64
10,64
11,64
12,64
13,64
14,64
15,64
16,64
17,64
18,64
19,64
20,64
21,64
22,64
23,64
24,64
25,64
26,64
27,64
28,64
29,64
30,64
31,64
32,64
33,64
34,64
35,64
36,64
37,64
38,64
39,64
40,64
41,64
42,64
43,64
44,64
45,64
46,64
47,64
48,64
49,64
50,64
51,64
52,64
53,64
54,64
55,64
56,64
57,64
58,64
59,64
60,64
61,64
62,64
63,64
64,64
65,64
66,64
67,64
68,64
69,64
70,64
71,64
72,64
73,64
74,64
75,64
76,64
77,64
78,64
79,64
80,64
81,64
82,64
83,64
84,64
85,64
86,64
87,64
88,64
89,64
90,64
91,64
92,64
93,64
94,64
95,64
96,64
97,64
98,64
99,64
100,64
101,64
102,64
103,64
104,64
105,64
106,64
107,64
108,64
109,64
110,64
111,64
112,64
113,64
114,64
115,64
116,64
117,64
118,64
119,64
120,64
121,64
122,64
123,64
124,64
125,64
126,64
127,64
128,64
129,64
130,64
131,64
132,64
133,64
134,64
135,64
136,64
137,64
138,64
139,64
140,64
141,64
142,64
143,64
144,64
145,64
146,64
147,64
148,64
149,64
150,64
151,64
152,64
153,64
154,64
155,64
156,64
157,64
158,64
159,64
160,64
161,64
162,64
163,64
164,64
165,64
166,64
167,64
168,64
169,64
170,64
171,64
172,64
173,64
174,64
175,64
176,64
177,64
178,64
179,64
180,64
181,64
182,64
183,64
184,64
185,64
186,64
187,64
188,64
189,64
190,64
191,64
192,64
193,64
194,64
195,64
196,64
197,64
198,64
199,64
200,64
201,64
202,64
203,64
204,64
205,64
206,64
207,64
208,64
209,64
210,64
211,64
212,64
213,64
214,64
215,64
216,64
217,64
218,64
219,64
220,64
221,64
222,64
223,64
224,64
225,64
226,64
227,64
228,64
229,64
230,64
231,64
232,64
233,64
234,64
235,64
236,64
237,64
238,64
239,64
240,64
241,64
242,64
243,64
244,64
245,64
246,64
247,64
248,64
249,64
250,64
251,64
252,64
253,64
254,64
255,64
256,64
257,64
258,64
259,64
260,64
261,64
262,64
263,64
264,64
265,64
266,64
267,64
268,64
269,64
270,64
271,64
272,64
273,64
274,64
275,64
276,64
277,64
278,64
279,64
280,64
281,64
282,64
283,64
284,64
285,64
286,64
287,64
288,64
289,64
290,64
291,64
292,64
293,64
294,64
295,64
296,64
297,64
298,64
299,64
300,64
301,64
302,64
303,64
304,64
305,64
306,64
307,64
308,64
309,64
310,64
311,64
312,64
313,64
314,64
315,64
316,64
317,64
318,64
319,64
320,64
321,64
322,64
323,64
324,64
325,64
326,64
327,64
328,64
329,64
330,64
331,64
332,64
333,64
334,64
335,64
336,64
337,64
338,64
339,64
340,64
341,64
342,64
343,64
344,64
345,64
346,64
347,64
348,64
349,64
350,64
351,64
352,64
353,64
354,64
355,64
356,64
357,64
358,64
359,64
360,64
361,64
362,64
363,64
364,64
365,64
366,64
367,64
368,64
369,64
370,64
371,64
372,64
373,64
374,64
375,64
376,64
377,64
378,64
379,64
380,64
381,64
382,64
383,64
384,64
385,64
386,64
387,64
388,64
389,64
390,64
391,64
392,64
393,64
394,64
395,64
396,64
397,64
398,64
399,64
400,64
401,64
402,64
403,64
404,64
405,64
406,64
407,64
408,64
409,64
410,64
411,64
412,64
413,64
414,64
415,64
416,64
417,64
418,64
419,64
420,64
421,64
422,64
423,64
424,64
425,64
426,64
427,64
428,64
429,64
430,64
431,64
432,64
433,64
434,64
435,64
436,64
437,64
438,64
439,64
440,64
441,64
442,64
443,64
444,64
445,64
446,64
447,64
448,64
449,64
450,64
451,64
452,64
453,64
454,64
455,64
456,64
457,64
458,64
459,64
460,64
461,64
462,64
463,64
464,64
465,64
466,64
467,64
468,64
469,64
470,64
471,64
472,64
473,64
474,64
475,64
476,64
477,64
478,64
479,64
480,64
481,64
482,64
483,64
484,64
485,64
486,64
487,64
488,64
489,64
490,64
491,64
492,64
493,64
494,64
495,64
496,64
497,64
498,64
499,64
500,64
501,64
502,64
503,64
504,64
505,64
506,64
507,64
508,64
509,64
510,64
511,64
512,64
513,64
514,64
515,64
516,64
517,64
518,64
519,64
520,64
521,64
522,64
523,64
524,64
525,64
526,64
527,64
528,64
529,64
530,64
531,64
532,64
533,64
534,64
535,64
536,64
537,64
538,64
539,64
540,64
541,64
542,64
543,64
544,64
545,64
546,64
547,64
548,64
549,64
550,64
551,64
552,64
553,64
554,64
555,64
556,64
557,64
558,64
559,64
560,64
561,64
562,64
563,64
564,64
565,64
566,64
567,64
568,64
569,64
570,64
571,64
572,64
573,64
574,64
575,64
576,64
577,64
578,64
579,64
580,64
581,64
582,64
583,64
584,64
585,64
586,64
587,64
588,64
589,64
590,64
591,64
592,64
593,64
594,64
595,64
596,64
597,64
598,64
599,64
600,64
601,64
602,64
603,64
604,64
605,64
606,64
607,64
608,64
609,64
610,64
611,64
612,64
613,64
614,64
615,64
616,64
617,64
618,64
619,64
620,64
621,64
622,64
623,64
624,64
625,64
626,64
627,64
628,64
629,64
630,64
631,64
632,64
633,64
634,64
635,64
636,64
637,64
638,64
639,64
640,64
641,64
642,64
643,64
644,64
645,64
646,64
647,64
648,64
649,64
650,64
651,64
652,64
653,64
654,64
655,64
656,64
657,64
658,64
659,64
660,64
661,64
662,64
663,64
664,64
665,64
666,64
667,64
668,64
669,64
670,64
671,64
672,64
673,64
674,64
675,64
676,64
677,64
678,64
679,64
680,64
681,64
682,64
683,64
684,64
685,64
686,64
687,64
688,64
689,64
690,64
691,64
692,64
693,64
694,64
695,64
696,64
697,64
698,64
699,64
700,64
701,64
702,64
703,64
704,64
705,64
706,64
707,64
708,64
709,64
710,64
711,64
712,64
713,64
714,64
715,64
716,64
717,64
718,64
719,64
720,64
721,64
722,64
723,64
724,64
725,64
726,64
727,64
728,64
729,64
730,64
731,64
732,64
733,64
734,64
735,64
736,64
737,64
738,64
739,64
740,64
741,64
742,64
743,64
744,64
745,64
746,64
747,64
748,64
749,64
750,64
751,64
752,64
753,64
754,64
755,64
756,64
757,64
758,64
759,64
760,64
761,64
762,64
763,64
764,64
765,64
766,64
767,64
768,64
769,64
770,64
771,64
772,64
773,64
774,64
775,64
776,64
777,64
778,64
779,64
780,64
781,64
782,64
783,64
784,64
785,64
786,64
787,64
788,64
789,64
790,64
791,64
792,64
793,64
794,64
795,64
796,64
797,64
798,64
799,64
800,64
801,64
802,64
803,64
804,64
805,64
806,64
807,64
808,64
809,63
810,63
811,63
812,63
813,63
814,63
815,63
816,63
817,63
818,63
819,63
820,63
821,63
822,63
823,63
824,63
825,63
826,63
827,63
828,63
829,63
830,63
831,63
832,63
833,63
834,63
835,63
836,63
837,63
838,63
839,63
840,63
841,63
842,63
843,63
844,63
845,63
846,63
847,63
848,63
849,63
850,63
851,63
852,63
853,63
854,63
855,63
856,63
857,63
858,63
859,63
860,63
861,63
862,63
863,63
864,63
865,63
866,63
867,63
868,63
869,63
870,63
871,63
872,63
873,63
874,63
875,63
876,63
877,63
878,63
879,63
880,63
881,63
882,63
883,63
884,63
885,63
886,63
887,63
888,63
889,63
890,63
891,63
892,63
893,63
894,63
895,63
896,63
897,63
898,63
899,63
900,63
901,63
902,63
903,63
904,63
905,63
906,63
907,63
908,63
909,63
910,63
911,63
912,63
913,63
914,63
915,63
916,63
917,63
918,63
919,63
920,63
921,63
922,63
923,63
924,63
925,63
926,63
927,63
928,63
929,63
930,63
931,63
932,63
933,63
934,63
935,63
936,63
937,63
938,63
939,63
940,63
941,63
942,63
943,63
944,63
945,63
946,63
947,63
948,63
949,63
950,63
951,63
952,63
953,63
954,63
955,63
956,63
957,63
958,63
959,63
960,63
961,63
962,63
963,63
964,63
965,63
966,63
967,63
968,63
969,63
970,63
971,63
972,63
973,63
974,63
975,63
976,63
977,63
978,63
979,63
980,63
981,63
982,63
983,63
984,63
985,63
986,63
987,63
988,63
989,63
990,63
991,63
992,63
993,63
994,63
995,63
996,63
997,63
998,63
999,63
1000,63
1001,63
1002,63
1003,63
1004,63
1005,63
1006,63
1007,63
1008,63
1009,63
1010,63
1011,63
1012,63
1013,63
1014,63
1015,63
1016,63
1017,63
1018,63
1019,63
1020,63
1021,63
1022,63
1023,63
1024,63
1025,63
1026,63
1027,63
1028,63
1029,63
1030,63
1031,63
1032,63
1033,63
1034,63
1035,63
1036,63
1037,63
1038,63
1039,63
1040,63
1041,63
1042,63
1043,63
1044,63
1045,63
1046,63
1047,63
1048,63
1049,63
1050,63
1051,63
1052,63
1053,63
1054,63
1055,63
1056,63
1057,63
1058,63
1059,63
1060,63
1061,63
1062,63
1063,63
1064,63
1065,63
1066,63
1067,63
1068,63
1069,63
1070,63
1071,63
1072,63
1073,63
1074,63
1075,63
1076,63
1077,63
1078,63
1079,63
1080,63
1081,63
1082,63
1083,63
1084,63
1085,63
1086,63
1087,63
1088,63
1089,63
1090,63
1091,63
1092,63
1093,63
1094,63
1095,63
1096,63
1097,63
1098,63
1099,63
1100,63
1101,63
1102,63
1103,63
1104,63
1105,63
1106,63
1107,63
1108,63
1109,63
1110,63
1111,63
1112,63
1113,63
1114,63
1115,63
1116,63
1117,63
1118,63
1119,63
1120,63
1121,63
1122,63
1123,63
1124,63
1125,63
1126,63
1127,63
1128,63
1129,63
1130,63
1131,63
1132,63
1133,63
1134,63
1135,63
1136,63
1137,63
1138,63
1139,63
1140,63
1141,63
1142,63
1143,63
1144,63
1145,63
1146,63
1147,63
1148,63
1149,63
1150,63
1151,63
1152,63
1153,63
1154,63
1155,63
1156,63
1157,63
1158,63
1159,63
1160,63
1161,63
1162,63
1163,63
1164,63
1165,63
1166,63
1167,63
1168,63
1169,63
1170,63
1171,63
1172,63
1173,63
1174,63
1175,63
1176,63
1177,63
1178,63
1179,63
1180,63
1181,63
1182,63
1183,63
1184,63
1185,63
1186,63
1187,63
1188,63
1189,63
1190,63
1191,63
1192,63
1193,63
1194,63
1195,63
1196,63
1197,63
1198,63
1199,63
1200,63
1201,63
1202,63
1203,63
1204,63
1205,63
1206,63
1207,63
1208,63
1209,63
1210,63
1211,63
1212,63
1213,63
1214,63
1215,63
1216,63
1217,63
1218,63
1219,63
1220,63
1221,63
1222,63
1223,63
1224,63
1225,63
1226,63
1227,63
1228,63
1229,63
1230,63
1231,63
1232,63
1233,63
1234,63
1235,63
1236,63
1237,63
1238,63
1239,63
1240,63
1241,63
1242,63
1243,63
1244,63
1245,63
1246,63
1247,63
1248,63
1249,63
1250,63
1251,63
1252,63
1253,63
1254,63
1255,63
1256,63
1257,63
1258,63
1259,63
1260,63
1261,63
1262,63
1263,63
1264,63
1265,63
1266,63
1267,63
1268,63
1269,63
1270,63
1271,63
1272,63
1273,63
1274,63
1275,63
1276,63
1277,63
1278,63
1279,63
1280,63
1281,63
1282,63
1283,63
1284,63
1285,63
1286,63
1287,63
1288,63
1289,63
1290,63
1291,63
1292,63
1293,63
1294,63
1295,63
1296,63
1297,63
1298,63
1299,63
1300,63
1301,63
1302,63
1303,63
1304,63
1305,63
1306,63
1307,63
1308,63
1309,63
1310,63
1311,63
1312,63
1313,63
1314,63
1315,63
1316,63
1317,63
1318,63
1319,63
1320,63
1321,63
1322,63
1323,63
1324,63
1325,63
1326,63
1327,63
1328,63
1329,63
1330,63
1331,63
1332,63
1333,63
1334,63
1335,63
1336,63
1337,63
1338,63
1339,63
1340,63
1341,63
1342,63
1343,63
1344,63
1345,63
1346,63
1347,63
1348,63
1349,63
1350,63
1351,63
1352,63
1353,63
1354,63
1355,63
1356,63
1357,63
1358,63
1359,63
1360,63
1361,63
1362,63
1363,63
1364,63
1365,63
1366,63
1367,63
1368,63
1369,63
1370,63
1371,63
1372,63
1373,63
1374,63
1375,63
1376,63
1377,63
1378,63
1379,63
1380,63
1381,63
1382,63
1383,63
1384,63
1385,63
1386,63
1387,63
1388,63
1389,63
1390,63
1391,63
1392,63
1393,63
1394,63
1395,63
1396,63
1397,63
1398,63
1399,63
1400,63
1401,63
1402,63
1403,63
1404,63
1405,63
1406,63
1407,63
1408,63
1409,63
1410,63
1411,63
1412,63
1413,63
1414,63
1415,63
1416,63
1417,63
1418,63
1419,63
1420,63
1421,63
1422,63
1423,63
1424,63
1425,63
1426,63
1427,63
1428,63
1429,63
1430,63
1431,63
1432,63
1433,63
1434,63
1435,63
1436,63
1437,63
1438,63
1439,63
1440,63
1441,63
1442,63
1443,63
1444,63
1445,63
1446,63
1447,63
1448,63
1449,63
1450,63
1451,63
1452,63
1453,63
1454,63
1455,63
1456,63
1457,63
1458,63
1459,63
1460,63
1461,63
1462,63
1463,63
1464,63
1465,63
1466,63
1467,63
1468,63
1469,63
1470,63
1471,63
1472,63
1473,63
1474,63
1475,63
1476,63
1477,63
1478,63
1479,63
1480,63
1481,63
1482,63
1483,63
1484,63
1485,63
1486,63
1487,63
1488,63
1489,63
1490,63
1491,63
1492,63
1493,63
1494,63
1495,63
1496,63
1497,63
1498,63
1499,63
1500,63
1501,63
1502,63
1503,63
1504,63
1505,63
1506,63
1507,63
1508,63
1509,63
1510,63
1511,63
1512,63
1513,63
1514,63
1515,63
1516,63
1517,63
1518,63
1519,63
1520,63
1521,63
1522,63
1523,63
1524,63
1525,63
1526,63
1527,63
1528,63
1529,63
1530,63
1531,63
1532,63
1533,63
1534,63
1535,63
1536,63
1537,63
1538,63
1539,63
1540,63
1541,63
1542,63
1543,63
1544,63
1545,63
1546,63
1547,63
1548,63
1549,63
1550,63
1551,63
1552,63
1553,63
1554,63
1555,63
1556,63
1557,63
1558,63
1559,63
1560,63
1561,63
1562,63
1563,63
1564,63
1565,63
1566,63
1567,63
1568,63
1569,63
1570,63
1571,63
1572,63
1573,63
1574,63
1575,63
1576,63
1577,63
1578,63
1579,63
1580,63
1581,63
1582,63
1583,63
1584,63
1585,63
1586,63
1587,63
1588,63
1589,63
1590,63
1591,63
1592,63
1593,63
1594,63
1595,63
1596,63
1597,63
1598,63
1599,63
1600,63
1601,63
1602,63
1603,63
1604,63
1605,63
1606,63
1607,63
1608,63
1609,63
1610,63
1611,63
1612,63
1613,63
1614,63
1615,63
1616,63
1617,63
1618,63
1619,63
1620,63
1621,63
1622,63
1623,63
1624,63
1625,63
1626,63
1627,63
1628,63
1629,63
1630,63
1631,63
1632,63
1633,63
1634,63
1635,63
1636,63
1637,63
1638,63
1639,63
1640,63
1641,63
1642,63
1643,63
1644,63
1645,63
1646,63
1647,63
1648,63
1649,63
1650,63
1651,63
1652,63
1653,63
1654,63
1655,63
1656,63
1657,63
1658,63
1659,63
1660,63
1661,63
1662,63
1663,63
1664,63
1665,63
1666,63
1667,63
1668,63
1669,63
1670,63
1671,63
1672,63
1673,63
1674,63
1675,63
1676,63
1677,63
1678,63
1679,63
1680,63
1681,63
1682,63
1683,63
1684,63
1685,63
1686,63
1687,63
1688,63
1689,63
1690,63
1691,63
1692,63
1693,63
1694,63
1695,63
1696,63
1697,63
1698,63
1699,63
1700,63
1701,63
1702,63
1703,63
1704,63
1705,63
1706,63
1707,63
1708,63
1709,63
1710,63
1711,63
1712,63
1713,63
1714,63
1715,63
1716,63
1717,63
1718,63
1719,63
1720,63
1721,63
1722,63
1723,63
1724,63
1725,63
1726,63
1727,63
1728,63
1729,63
1730,63
1731,63
1732,63
1733,63
1734,63
1735,63
1736,63
1737,63
1738,63
1739,63
1740,63
1741,63
1742,63
1743,63
1744,63
1745,63
1746,63
1747,63
1748,63
1749,63
1750,63
1751,63
1752,63
1753,63
1754,63
1755,63
1756,63
1757,63
1758,63
1759,63
1760,63
1761,63
1762,63
1763,63
1764,63
1765,63
1766,63
1767,63
1768,63
1769,63
1770,63
1771,63
1772,63
1773,63
1774,63
1775,63
1776,63
1777,63
1778,63
1779,63
1780,63
1781,63
1782,63
1783,63
1784,63
1785,63
1786,63
1787,63
1788,63
1789,63
1790,63
1791,63
1792,63
1793,63
1794,63
1795,63
1796,63
1797,63
1798,63
1799,63
1800,63
1801,63
1802,63
1803,63
1804,63
1805,63
1806,63
1807,63
1808,63
1809,63
1810,63
1811,63
1812,63
1813,63
1814,63
1815,63
1816,63
1817,63
1818,63
1819,63
1820,63
1821,63
1822,63
1823,63
1824,63
1825,63
1826,63
1827,63
1828,63
1829,63
1830,63
1831,63
1832,63
1833,63
1834,63
1835,63
1836,63
1837,63
1838,63
1839,63
1840,63
1841,63
1842,63
1843,63
1844,63
1845,63
1846,63
1847,63
1848,63
1849,63
1850,63
1851,63
1852,63
1853,63
1854,63
1855,63
1856,63
1857,63
1858,63
1859,63
1860,63
1861,63
1862,63
1863,63
1864,63
1865,63
1866,63
1867,63
1868,63
1869,63
1870,63
1871,63
1872,63
1873,63
1874,63
1875,63
1876,63
1877,63
1878,63
1879,63
1880,63
1881,63
1882,63
1883,63
1884,63
1885,63
1886,63
1887,63
1888,63
1889,63
1890,63
1891,63
1892,63
1893,63
1894,63
1895,63
1896,63
1897,63
1898,63
1899,63
1900,63
1901,63
1902,63
1903,63
1904,63
1905,63
1906,63
1907,63
1908,63
1909,63
1910,63
1911,63
1912,63
1913,63
1914,63
1915,63
1916,63
1917,63
1918,63
1919,63
1920,63
1921,63
1922,63
1923,63
1924,63
1925,63
1926,63
1927,63
1928,63
1929,63
1930,63
1931,63
1932,63
1933,63
1934,63
1935,63
1936,63
1937,63
1938,63
1939,63
1940,63
1941,63
1942,63
1943,63
1944,63
1945,63
1946,63
1947,63
1948,63
1949,63
1950,63
1951,63
1952,63
1953,63
1954,63
1955,63
1956,63
1957,63
1958,63
1959,63
1960,63
1961,63
1962,63
1963,63
1964,63
1965,63
1966,63
1967,63
1968,63
1969,63
1970,63
1971,63
1972,63
1973,63
1974,63
1975,63
1976,63
1977,63
1978,63
1979,63
1980,63
1981,63
1982,63
1983,63
1984,63
1985,63
1986,63
1987,63
1988,63
1989,63
1990,63
1991,63
1992,63
1993,63
1994,63
1995,63
1996,63
1997,63
1998,63
1999,63
2000,63
2001,63
2002,63
2003,63
2004,63
2005,63
2006,63
2007,63
2008,63
2009,63
2010,63
2011,63
2012,63
2013,63
2014,63
2015,63
2016,63
2017,63
2018,63
2019,63
2020,63
2021,63
2022,63
2023,63
2024,63
2025,63
2026,63
2027,63
2028,63
2029,63
2030,63
2031,63
2032,63
2033,63
2034,63
2035,63
2036,63
2037,63
2038,63
2039,63
2040,63
2041,63
2042,63
2043,63
2044,63
2045,63
2046,63
2047,63
2048,63
2049,63
2050,63
2051,63
2052,63
2053,63
2054,63
2055,63
2056,63
2057,63
2058,63
2059,63
2060,63
2061,63
2062,63
2063,63
2064,63
2065,63
2066,63
2067,63
2068,63
2069,63
2070,63
2071,63
2072,63
2073,63
2074,63
2075,63
2076,63
2077,63
2078,63
2079,63
2080,63
2081,63
2082,63
2083,63
2084,63
2085,63
2086,63
2087,63
2088,63
2089,63
2090,63
2091,63
2092,63
2093,63
2094,63
2095,63
2096,63
2097,63
2098,63
2099,63
2100,63
2101,63
2102,63
2103,63
2104,63
2105,63
2106,63
2107,63
2108,63
2109,63
2110,63
2111,63
2112,63
2113,63
2114,63
2115,63
2116,63
2117,63
2118,63
2119,63
2120,63
2121,63
2122,63
2123,63
2124,63
2125,63
2126,63
2127,63
2128,63
2129,63
2130,63
2131,63
2132,63
2133,63
2134,63
2135,63
2136,63
2137,63
2138,63
2139,63
2140,63
2141,63
2142,63
2143,63
2144,63
2145,63
2146,63
2147,63
2148,63
2149,63
2150,63
2151,63
2152,63
2153,63
2154,63
2155,63
2156,63
2157,63
2158,63
2159,63
2160,63
2161,63
2162,63
2163,63
2164,63
2165,63
2166,63
2167,63
2168,63
2169,63
2170,63
2171,63
2172,63
2173,63
2174,63
2175,63
2176,63
2177,63
2178,63
2179,63
2180,63
2181,63
2182,63
2183,63
2184,63
2185,63
2186,63
2187,63
2188,63
2189,63
2190,63
2191,63
2192,63
2193,63
2194,63
2195,63
2196,63
2197,63
2198,63
2199,63
2200,63
2201,63
2202,63
2203,63
2204,63
2205,63
2206,63
2207,63
2208,63
2209,63
2210,63
2211,63
2212,63
2213,63
2214,63
2215,63
2216,63
2217,63
2218,63
2219,63
2220,63
2221,63
2222,63
2223,63
2224,63
2225,63
2226,63
2227,63
2228,63
2229,63
2230,63
2231,63
2232,63
2233,63
2234,63
2235,63
2236,63
2237,63
2238,63
2239,63
2240,63
2241,63
2242,62
2243,62
2244,62
2245,62
2246,62
2247,62
2248,62
2249,62
2250,62
2251,62
2252,62
2253,62
2254,62
2255,62
2256,62
2257,62
2258,62
2259,62
2260,62
2261,62
2262,62
2263,62
2264,62
2265,62
2266,62
2267,62
2268,62
2269,62
2270,62
2271,62
2272,62
2273,62
2274,62
2275,62
2276,62
2277,62
2278,62
2279,62
2280,62
2281,62
2282,62
2283,62
2284,62
2285,62
2286,62
2287,62
2288,62
2289,62
2290,62
2291,62
2292,62
2293,62
2294,62
2295,62
2296,62
2297,62
2298,62
2299,62
2300,62
2301,62
2302,62
2303,62
2304,62
2305,62
2306,62
2307,62
2308,62
2309,62
2310,62
2311,62
2312,62
2313,62
2314,62
2315,62
2316,62
2317,62
2318,62
2319,62
2320,62
2321,62
2322,62
2323,62
2324,62
2325,62
2326,62
2327,62
2328,62
2329,62
2330,62
2331,62
2332,62
2333,62
2334,62
2335,62
2336,62
2337,62
2338,62
2339,62
2340,62
2341,62
2342,62
2343,62
2344,62
2345,62
2346,62
2347,62
2348,62
2349,62
2350,62
2351,62
2352,62
2353,62
2354,62
2355,62
2356,62
2357,62
2358,62
2359,62
2360,62
2361,62
2362,62
2363,62
2364,62
2365,62
2366,62
2367,62
2368,62
2369,62
2370,62
2371,62
2372,62
2373,62
2374,62
2375,62
2376,62
2377,62
2378,62
2379,62
2380,62
2381,62
2382,62
2383,62
2384,62
2385,62
2386,62
2387,62
2388,62
2389,62
2390,62
2391,62
2392,62
2393,62
2394,62
2395,62
2396,62
2397,62
2398,62
2399,62
2400,62
2401,62
2402,62
2403,62
2404,62
2405,62
2406,62
2407,62
2408,62
2409,62
2410,62
2411,62
2412,62
2413,62
2414,62
2415,62
2416,62
2417,62
2418,62
2419,62
2420,62
2421,62
2422,62
2423,62
2424,62
2425,62
2426,62
2427,62
2428,62
2429,62
2430,62
2431,62
2432,62
2433,62
2434,62
2435,62
2436,62
2437,62
2438,62
2439,62
2440,62
2441,62
2442,62
2443,62
2444,62
2445,62
2446,62
2447,62
2448,62
2449,62
2450,62
2451,62
2452,62
2453,62
2454,62
2455,62
2456,62
2457,62
2458,62
2459,62
2460,62
2461,62
2462,62
2463,62
2464,62
2465,62
2466,62
2467,62
2468,62
2469,62
2470,62
2471,62
2472,62
2473,62
2474,62
2475,62
2476,62
2477,62
2478,62
2479,62
2480,62
2481,62
2482,62
2483,62
2484,62
2485,62
2486,62
2487,62
2488,62
2489,62
2490,62
2491,62
2492,62
2493,62
2494,62
2495,62
2496,62
2497,62
2498,62
2499,62
2500,62
2501,62
2502,62
2503,62
2504,62
2505,62
2506,62
2507,62
2508,62
2509,62
2510,62
2511,62
2512,62
2513,62
2514,62
2515,62
2516,62
2517,62
2518,62
2519,62
2520,62
2521,62
2522,62
2523,62
2524,62
2525,62
2526,62
2527,62
2528,62
2529,62
2530,62
2531,62
2532,62
2533,62
2534,62
2535,62
2536,62
2537,62
2538,62
2539,62
2540,62
2541,62
2542,62
2543,62
2544,62
2545,62
2546,62
2547,62
2548,62
2549,62
2550,62
2551,62
2552,62
2553,62
2554,62
2555,62
2556,62
2557,62
2558,62
2559,62
2560,62
2561,62
2562,62
2563,62
2564,62
2565,62
2566,62
2567,62
2568,62
2569,62
2570,62
2571,62
2572,62
2573,62
2574,62
2575,62
2576,62
2577,62
2578,62
2579,62
2580,62
2581,62
2582,62
2583,62
2584,62
2585,62
2586,62
2587,62
2588,62
2589,62
2590,62
2591,62
2592,62
2593,62
2594,62
2595,62
2596,62
2597,62
2598,62
2599,62
2600,62
2601,62
2602,62
2603,62
2604,62
2605,62
2606,62
2607,62
2608,62
2609,62
2610,62
2611,62
2612,62
2613,62
2614,62
2615,62
2616,62
2617,62
2618,62
2619,62
2620,62
2621,62
2622,62
2623,62
2624,62
2625,62
2626,62
2627,62
2628,62
2629,62
2630,62
2631,62
2632,62
2633,62
2634,62
2635,62
2636,62
2637,62
2638,62
2639,62
2640,62
2641,62
2642,62
2643,62
2644,62
2645,62
2646,62
2647,62
2648,62
2649,62
2650,62
2651,62
2652,62
2653,62
2654,62
2655,62
2656,62
2657,62
2658,62
2659,62
2660,62
2661,62
2662,62
2663,62
2664,62
2665,62
2666,62
2667,62
2668,62
2669,62
2670,62
2671,62
2672,62
2673,62
2674,62
2675,62
2676,62
2677,62
2678,62
2679,62
2680,62
2681,62
2682,62
2683,62
2684,62
2685,62
2686,62
2687,62
2688,62
2689,62
2690,62
2691,62
2692,62
2693,62
2694,62
2695,62
2696,62
2697,62
2698,62
2699,62
2700,62
2701,62
2702,62
2703,62
2704,62
2705,62
2706,62
2707,62
2708,62
2709,62
2710,62
2711,62
2712,62
2713,62
2714,62
2715,62
2716,62
2717,62
2718,62
2719,62
2720,62
2721,62
2722,62
2723,62
2724,62
2725,62
2726,62
2727,62
2728,62
2729,62
2730,62
2731,62
2732,62
2733,62
2734,62
2735,62
2736,62
2737,62
2738,62
2739,62
2740,62
2741,62
2742,62
2743,62
2744,62
2745,62
2746,62
2747,62
2748,62
2749,62
2750,62
2751,62
2752,62
2753,62
2754,62
2755,62
2756,62
2757,62
2758,62
2759,62
2760,62
2761,62
2762,62
2763,62
2764,62
2765,62
2766,62
2767,62
2768,62
2769,62
2770,62
2771,62
2772,62
2773,62
2774,62
2775,62
2776,62
2777,62
2778,62
2779,62
2780,62
2781,62
2782,62
2783,62
2784,62
2785,62
2786,62
2787,62
2788,62
2789,62
2790,62
2791,62
2792,62
2793,62
2794,62
2795,62
2796,62
2797,62
2798,62
2799,62
2800,62
2801,62
2802,62
2803,62
2804,62
2805,62
2806,62
2807,62
2808,62
2809,62
2810,62
2811,62
2812,62
2813,62
2814,62
2815,62
2816,62
2817,62
2818,62
2819,62
2820,62
2821,62
2822,62
2823,62
2824,62
2825,62
2826,62
2827,62
2828,62
2829,62
2830,62
2831,62
2832,62
2833,62
2834,62
2835,62
2836,62
2837,62
2838,62
2839,62
2840,62
2841,62
2842,62
2843,62
2844,62
2845,62
2846,62
2847,62
2848,62
2849,62
2850,62
2851,62
2852,62
2853,62
2854,62
2855,62
2856,62
2857,62
2858,62
2859,62
2860,62
2861,62
2862,62
2863,62
2864,62
2865,62
2866,62
2867,62
2868,62
2869,62
2870,62
2871,62
2872,62
2873,62
2874,62
2875,62
2876,62
2877,62
2878,62
2879,62
2880,62
2881,62
2882,62
2883,62
2884,62
2885,62
2886,62
2887,62
2888,62
2889,62
2890,62
2891,62
2892,62
2893,62
2894,62
2895,62
2896,62
2897,62
2898,62
2899,62
2900,62
2901,62
2902,62
2903,62
2904,62
2905,62
2906,62
2907,62
2908,62
2909,62
2910,62
2911,62
2912,62
2913,62
2914,62
2915,62
2916,62
2917,62
2918,62
2919,62
2920,62
2921,62
2922,62
2923,62
2924,62
2925,62
2926,62
2927,62
2928,62
2929,62
2930,62
2931,62
2932,62
2933,62
2934,62
2935,62
2936,62
2937,62
2938,62
2939,62
2940,62
2941,62
2942,62
2943,62
2944,62
2945,62
2946,62
2947,62
2948,62
2949,62
2950,62
2951,62
2952,62
2953,62
2954,62
2955,62
2956,62
2957,62
2958,62
2959,62
2960,62
2961,62
2962,62
2963,62
2964,62
2965,62
2966,62
2967,62
2968,62
2969,62
2970,62
2971,62
2972,62
2973,62
2974,62
2975,62
2976,62
2977,62
2978,62
2979,62
2980,62
2981,62
2982,62
2983,62
2984,62
2985,62
2986,62
2987,62
2988,62
2989,62
2990,62
2991,62
2992,62
2993,62
2994,62
2995,62
2996,62
2997,62
2998,62
2999,62
3000,62
3001,62
3002,62
3003,62
3004,62
3005,62
3006,62
3007,62
3008,62
3009,62
3010,62
3011,62
3012,62
3013,62
3014,62
3015,62
3016,62
3017,62
3018,62
3019,62
3020,62
3021,62
3022,62
3023,62
3024,62
3025,62
3026,62
3027,62
3028,62
3029,62
3030,62
3031,62
3032,62
3033,62
3034,62
3035,62
3036,62
3037,62
3038,62
3039,62
3040,62
3041,62
3042,62
3043,62
3044,62
3045,62
3046,62
3047,62
3048,62
3049,62
3050,62
3051,62
3052,62
3053,62
3054,62
3055,62
3056,62
3057,62
3058,62
3059,62
3060,62
3061,62
3062,62
3063,62
3064,62
3065,62
3066,62
3067,62
3068,62
3069,62
3070,62
3071,62
3072,62
3073,62
3074,62
3075,62
3076,62
3077,62
3078,62
3079,62
3080,62
3081,62
3082,62
3083,62
3084,62
3085,62
3086,62
3087,62
3088,62
3089,62
3090,62
3091,62
3092,62
3093,62
3094,62
3095,62
3096,62
3097,62
3098,62
3099,62
3100,62
3101,62
3102,62
3103,62
3104,62
3105,62
3106,62
3107,62
3108,62
3109,62
3110,62
3111,62
3112,62
3113,62
3114,62
3115,62
3116,62
3117,62
3118,62
3119,62
3120,62
3121,62
3122,62
3123,62
3124,62
3125,62
3126,62
3127,62
3128,62
3129,62
3130,62
3131,62
3132,62
3133,62
3134,62
3135,62
3136,62
3137,62
3138,62
3139,62
3140,62
3141,62
3142,62
3143,62
3144,62
3145,62
3146,62
3147,62
3148,62
3149,62
3150,62
3151,62
3152,62
3153,62
3154,62
3155,62
3156,62
3157,62
3158,62
3159,62
3160,62
3161,62
3162,62
3163,62
3164,62
3165,62
3166,62
3167,62
3168,62
3169,62
3170,62
3171,62
3172,62
3173,62
3174,62
3175,62
3176,62
3177,62
3178,62
3179,62
3180,62
3181,62
3182,62
3183,62
3184,62
3185,62
3186,62
3187,62
3188,62
3189,62
3190,62
3191,62
3192,62
3193,62
3194,62
3195,62
3196,62
3197,62
3198,62
3199,62
3200,62
3201,62
3202,62
3203,62
3204,62
3205,62
3206,62
3207,62
3208,62
3209,62
3210,62
3211,62
3212,62
3213,62
3214,62
3215,62
3216,62
3217,62
3218,62
3219,62
3220,62
3221,62
3222,62
3223,62
3224,62
3225,62
3226,62
3227,62
3228,62
3229,62
3230,62
3231,62
3232,62
3233,62
3234,62
3235,62
3236,62
3237,62
3238,62
3239,62
3240,62
3241,62
3242,62
3243,62
3244,62
3245,62
3246,62
3247,62
3248,62
3249,62
3250,62
3251,62
3252,62
3253,62
3254,62
3255,62
3256,62
3257,62
3258,62
3259,62
3260,62
3261,62
3262,62
3263,62
3264,62
3265,62
3266,62
3267,62
3268,62
3269,62
3270,62
3271,62
3272,62
3273,62
3274,62
3275,62
3276,62
3277,62
3278,62
3279,62
3280,62
3281,62
3282,62
3283,62
3284,62
3285,62
3286,62
3287,62
3288,62
3289,62
3290,62
3291,62
3292,62
3293,62
3294,62
3295,62
3296,62
3297,62
3298,62
3299,62
3300,62
3301,62
3302,62
3303,62
3304,62
3305,62
3306,62
3307,62
3308,62
3309,62
3310,62
3311,62
3312,62
3313,62
3314,62
3315,62
3316,62
3317,62
3318,62
3319,62
3320,62
3321,62
3322,62
3323,62
3324,62
3325,62
3326,62
3327,62
3328,62
3329,62
3330,62
3331,62
3332,62
3333,62
3334,62
3335,62
3336,62
3337,62
3338,62
3339,62
3340,62
3341,62
3342,62
3343,62
3344,62
3345,62
3346,62
3347,62
3348,62
3349,62
3350,62
3351,62
3352,62
3353,62
3354,62
3355,62
3356,62
3357,62
3358,62
3359,62
3360,62
3361,62
3362,62
3363,62
3364,62
3365,62
3366,62
3367,62
3368,62
3369,62
3370,62
3371,62
3372,62
3373,62
3374,62
3375,62
3376,62
3377,62
3378,62
3379,62
3380,62
3381,62
3382,62
3383,62
3384,62
3385,62
3386,62
3387,62
3388,62
3389,62
3390,62
3391,62
3392,62
3393,62
3394,62
3395,62
3396,62
3397,62
3398,62
3399,62
3400,62
3401,62
3402,62
3403,62
3404,62
3405,62
3406,62
3407,62
3408,62
3409,62
3410,62
3411,62
3412,62
3413,62
3414,62
3415,62
3416,62
3417,62
3418,62
3419,62
3420,62
3421,62
3422,62
3423,62
3424,62
3425,62
3426,62
3427,62
3428,62
3429,62
3430,62
3431,62
3432,62
3433,62
3434,62
3435,62
3436,62
3437,62
3438,62
3439,62
3440,62
3441,62
3442,62
3443,62
3444,62
3445,62
3446,62
3447,62
3448,62
3449,62
3450,62
3451,62
3452,62
3453,62
3454,62
3455,62
3456,62
3457,62
3458,62
3459,62
3460,62
3461,62
3462,62
3463,62
3464,62
3465,62
3466,62
3467,62
3468,62
3469,62
3470,62
3471,62
3472,62
3473,62
3474,62
3475,62
3476,62
3477,62
3478,62
3479,62
3480,62
3481,62
3482,62
3483,62
3484,62
3485,62
3486,62
3487,62
3488,62
3489,62
3490,62
3491,62
3492,62
3493,62
3494,62
3495,62
3496,62
3497,62
3498,62
3499,62
3500,62
3501,62
3502,62
3503,62
3504,62
3505,62
3506,62
3507,62
3508,62
3509,62
3510,62
3511,62
3512,62
3513,62
3514,62
3515,62
3516,62
3517,62
3518,62
3519,62
3520,62
3521,62
3522,62
3523,62
3524,62
3525,62
3526,62
3527,62
3528,62
3529,62
3530,62
3531,62
3532,62
3533,62
3534,61
3535,61
3536,61
3537,61
3538,61
3539,61
3540,61
3541,61
3542,61
3543,61
3544,61
3545,61
3546,61
3547,61
3548,61
3549,61
3550,61
3551,61
3552,61
3553,61
3554,61
3555,61
3556,61
3557,61
3558,61
3559,61
3560,61
3561,61
3562,61
3563,61
3564,61
3565,61
3566,61
3567,61
3568,61
3569,61
3570,61
3571,61
3572,61
3573,61
3574,61
3575,61
3576,61
3577,61
3578,61
3579,61
3580,61
3581,61
3582,61
3583,61
3584,61
3585,61
3586,61
3587,61
3588,61
3589,61
3590,61
3591,61
3592,61
3593,61
3594,61
3595,61
3596,61
3597,61
3598,61
3599,61
3600,61
3601,61
3602,61
3603,61
3604,61
3605,61
3606,61
3607,61
3608,61
3609,61
3610,61
3611,61
3612,61
3613,61
3614,61
3615,61
3616,61
3617,61
3618,61
3619,61
3620,61
3621,61
3622,61
3623,61
3624,61
3625,61
3626,61
3627,61
3628,61
3629,61
3630,61
3631,61
3632,61
3633,61
3634,61
3635,61
3636,61
3637,61
3638,61
3639,61
3640,61
3641,61
3642,61
3643,61
3644,61
3645,61
3646,61
3647,61
3648,61
3649,61
3650,61
3651,61
3652,61
3653,61
3654,61
3655,61
3656,61
3657,61
3658,61
3659,61
3660,61
3661,61
3662,61
3663,61
3664,61
3665,61
3666,61
3667,61
3668,61
3669,61
3670,61
3671,61
3672,61
3673,61
3674,61
3675,61
3676,61
3677,61
3678,61
3679,61
3680,61
3681,61
3682,61
3683,61
3684,61
3685,61
3686,61
3687,61
3688,61
3689,61
3690,61
3691,61
3692,61
3693,61
3694,61
3695,61
3696,61
3697,61
3698,61
3699,61
3700,61
3701,61
3702,61
3703,61
3704,61
3705,61
3706,61
3707,61
3708,61
3709,61
3710,61
3711,61
3712,61
3713,61
3714,61
3715,61
3716,61
3717,61
3718,61
3719,61
3720,61
3721,61
3722,61
3723,61
3724,61
3725,61
3726,61
3727,61
3728,61
3729,61
3730,61
3731,61
3732,61
3733,61
3734,61
3735,61
3736,61
3737,61
3738,61
3739,61
3740,61
3741,61
3742,61
3743,61
3744,61
3745,61
3746,61
3747,61
3748,61
3749,61
3750,61
3751,61
3752,61
3753,61
3754,61
3755,61
3756,61
3757,61
3758,61
3759,61
3760,61
3761,61
3762,61
3763,61
3764,61
3765,61
3766,61
3767,61
3768,61
3769,61
3770,61
3771,61
3772,61
3773,61
3774,61
3775,61
3776,61
3777,61
3778,61
3779,61
3780,61
3781,61
3782,61
3783,61
3784,61
3785,61
3786,61
3787,61
3788,61
3789,61
3790,61
3791,61
3792,61
3793,61
3794,61
3795,61
3796,61
3797,61
3798,61
3799,61
3800,61
3801,61
3802,61
3803,61
3804,61
3805,61
3806,61
3807,61
3808,61
3809,61
3810,61
3811,61
3812,61
3813,61
3814,61
3815,61
3816,61
3817,61
3818,61
3819,61
3820,61
3821,61
3822,61
3823,61
3824,61
3825,61
3826,61
3827,61
3828,61
3829,61
3830,61
3831,61
3832,61
3833,61
3834,61
3835,61
3836,61
3837,61
3838,61
3839,61
3840,61
3841,61
3842,61
3843,61
3844,61
3845,61
3846,61
3847,61
3848,61
3849,61
3850,61
3851,61
3852,61
3853,61
3854,61
3855,61
3856,61
3857,61
3858,61
3859,61
3860,61
3861,61
3862,61
3863,61
3864,61
3865,61
3866,61
3867,61
3868,61
3869,61
3870,61
3871,61
3872,61
3873,61
3874,61
3875,61
3876,61
3877,61
3878,61
3879,61
3880,61
3881,61
3882,61
3883,61
3884,61
3885,61
3886,61
3887,61
3888,61
3889,61
3890,61
3891,61
3892,61
3893,61
3894,61
3895,61
3896,61
3897,61
3898,61
3899,61
3900,61
3901,61
3902,61
3903,61
3904,61
3905,61
3906,61
3907,61
3908,61
3909,61
3910,61
3911,61
3912,61
3913,61
3914,61
3915,61
3916,61
3917,61
3918,61
3919,61
3920,61
3921,61
3922,61
3923,61
3924,61
3925,61
3926,61
3927,61
3928,61
3929,61
3930,61
3931,61
3932,61
3933,61
3934,61
3935,61
3936,61
3937,61
3938,61
3939,61
3940,61
3941,61
3942,61
3943,61
3944,61
3945,61
3946,61
3947,61
3948,61
3949,61
3950,61
3951,61
3952,61
3953,61
3954,61
3955,61
3956,61
3957,61
3958,61
3959,61
3960,61
3961,61
3962,61
3963,61
3964,61
3965,61
3966,61
3967,61
3968,61
3969,61
3970,61
3971,61
3972,61
3973,61
3974,61
3975,60
3976,60
3977,60
3978,60
3979,60
3980,60
3981,60
3982,60
3983,60
3984,60
3985,60
3986,60
3987,60
3988,60
3989,60
3990,60
3991,60
3992,60
3993,60
3994,60
3995,60
3996,60
3997,60
3998,60
3999,60
4000,60
4001,60
4002,60
4003,60
4004,60
4005,60
4006,60
4007,60
4008,60
4009,60
4010,60
4011,60
4012,60
4013,60
4014,60
4015,60
4016,60
4017,60
4018,60
4019,60
4020,60
4021,60
4022,60
4023,60
4024,60
4025,60
4026,60
4027,60
4028,60
4029,60
4030,60
4031,60
4032,60
4033,60
4034,60
4035,60
4036,60
4037,60
4038,60
4039,60
4040,60
4041,60
4042,60
4043,60
4044,60
4045,60
4046,60
4047,60
4048,60
4049,60
4050,60
4051,60
4052,60
4053,60
4054,60
4055,60
4056,60
4057,60
4058,60
4059,60
4060,60
4061,60
4062,60
4063,60
4064,60
4065,60
4066,60
4067,60
4068,60
4069,60
4070,60
4071,60
4072,60
4073,60
4074,60
4075,60
4076,60
4077,60
4078,60
4079,60
4080,60
4081,60
4082,60
4083,60
4084,60
4085,60
4086,60
4087,60
4088,60
4089,60
4090,60
4091,60
4092,60
4093,60
4094,60
4095,60
4096,60
4097,60
4098,60
4099,60
4100,60
4101,60
4102,60
4103,60
4104,60
4105,60
4106,60
4107,60
4108,60
4109,60
4110,60
4111,60
4112,60
4113,60
4114,60
4115,60
4116,60
4117,60
4118,60
4119,60
4120,60
4121,60
4122,60
4123,60
4124,60
4125,60
4126,60
4127,60
4128,60
4129,60
4130,60
4131,60
4132,60
4133,60
4134,60
4135,60
4136,60
4137,60
4138,60
4139,60
4140,60
4141,60
4142,60
4143,60
4144,60
4145,60
4146,60
4147,60
4148,60
4149,60
4150,60
4151,60
4152,60
4153,60
4154,60
4155,60
4156,60
4157,60
4158,60
4159,60
4160,60
4161,60
4162,60
4163,60
4164,60
4165,60
4166,60
4167,60
4168,60
4169,60
4170,60
4171,60
4172,60
4173,60
4174,60
4175,60
4176,60
4177,60
4178,60
4179,60
4180,60
4181,60
4182,60
4183,60
4184,60
4185,60
4186,60
4187,60
4188,60
4189,60
4190,60
4191,60
4192,60
4193,60
4194,60
4195,60
4196,60
4197,60
4198,60
4199,60
4200,60
4201,60
4202,60
4203,60
4204,60
4205,60
4206,60
4207,60
4208,60
4209,60
4210,60
4211,60
4212,60
4213,60
4214,60
4215,60
4216,60
4217,60
4218,60
4219,60
4220,60
4221,60
4222,60
4223,60
4224,60
4225,60
4226,60
4227,60
4228,60
4229,60
4230,60
4231,60
4232,60
4233,60
4234,60
4235,60
4236,60
4237,60
4238,60
4239,60
4240,60
4241,60
4242,60
4243,60
4244,60
4245,60
4246,60
4247,60
4248,60
4249,60
4250,60
4251,60
4252,60
4253,60
4254,60
4255,60
4256,60
4257,60
4258,60
4259,60
4260,60
4261,60
4262,60
4263,60
4264,60
4265,60
4266,60
4267,60
4268,60
4269,60
4270,60
4271,60
4272,60
4273,60
4274,60
4275,60
4276,60
4277,60
4278,60
4279,60
4280,60
4281,60
4282,60
4283,60
4284,60
4285,60
4286,60
4287,60
4288,60
4289,60
4290,60
4291,60
4292,60
4293,60
4294,60
4295,60
4296,60
4297,60
4298,60
4299,60
4300,60
4301,60
4302,60
4303,60
4304,60
4305,60
4306,60
4307,60
4308,60
4309,60
4310,60
4311,60
4312,60
4313,60
4314,60
4315,60
4316,60
4317,60
4318,60
4319,60
4320,60
4321,60
4322,60
4323,60
4324,60
4325,60
4326,60
4327,60
4328,60
4329,60
4330,60
4331,60
4332,60
4333,60
4334,60
4335,60
4336,60
4337,60
4338,60
4339,60
4340,60
4341,60
4342,60
4343,60
4344,60
4345,60
4346,60
4347,60
4348,60
4349,60
4350,60
4351,60
4352,60
4353,60
4354,60
4355,60
4356,60
4357,60
4358,60
4359,60
4360,60
4361,60
4362,60
4363,60
4364,60
4365,60
4366,60
4367,60
4368,60
4369,60
4370,60
4371,60
4372,60
4373,60
4374,60
4375,60
4376,60
4377,60
4378,60
4379,60
4380,60
4381,60
4382,60
4383,60
4384,60
4385,60
4386,60
4387,60
4388,60
4389,60
4390,60
4391,60
4392,60
4393,60
4394,60
4395,60
4396,60
4397,60
4398,60
4399,60
4400,60
4401,60
4402,60
4403,60
4404,60
4405,60
4406,60
4407,60
4408,60
4409,60
4410,60
4411,60
4412,60
4413,60
4414,60
4415,60
4416,60
4417,60
4418,60
4419,60
4420,60
4421,60
4422,60
4423,60
4424,60
4425,60
4426,60
4427,60
4428,60
4429,60
4430,60
4431,60
4432,60
4433,60
4434,60
4435,60
4436,60
4437,60
4438,60
4439,60
4440,60
4441,60
4442,60
4443,60
4444,60
4445,60
4446,60
4447,60
4448,60
4449,60
4450,60
4451,60
4452,60
4453,60
4454,60
4455,60
4456,60
4457,60
4458,60
4459,60
4460,60
4461,60
4462,60
4463,60
4464,60
4465,60
4466,60
4467,60
4468,60
4469,60
4470,60
4471,60
4472,60
4473,60
4474,60
4475,60
4476,60
4477,60
4478,60
4479,60
4480,60
4481,60
4482,60
4483,60
4484,60
4485,60
4486,60
4487,60
4488,60
4489,60
4490,60
4491,60
4492,60
4493,60
4494,60
4495,60
4496,60
4497,60
4498,60
4499,60
4500,60
4501,60
4502,60
4503,60
4504,60
4505,60
4506,60
4507,60
4508,60
4509,60
4510,60
4511,60
4512,60
4513,60
4514,60
4515,60
4516,60
4517,60
4518,60
4519,60
4520,60
4521,60
4522,60
4523,60
4524,60
4525,60
4526,60
4527,60
4528,60
4529,60
4530,60
4531,60
4532,60
4533,60
4534,60
4535,60
4536,60
4537,60
4538,60
4539,60
4540,60
4541,60
4542,60
4543,60
4544,60
4545,60
4546,60
4547,60
4548,60
4549,60
4550,60
4551,60
4552,60
4553,60
4554,60
4555,60
4556,60
4557,60
4558,60
4559,60
4560,60
4561,60
4562,60
4563,60
4564,60
4565,60
4566,60
4567,60
4568,60
4569,60
4570,60
4571,60
4572,60
4573,60
4574,60
4575,60
4576,60
4577,60
4578,60
4579,60
4580,60
4581,60
4582,60
4583,60
4584,60
4585,60
4586,60
4587,60
4588,60
4589,60
4590,60
4591,60
4592,60
4593,60
4594,60
4595,60
4596,60
4597,60
4598,60
4599,60
4600,60
4601,60
4602,60
4603,60
4604,60
4605,60
4606,60
4607,60
4608,60
4609,60
4610,60
4611,60
4612,60
4613,60
4614,60
4615,60
4616,60
4617,60
4618,60
4619,60
4620,60
4621,60
4622,60
4623,60
4624,60
4625,60
4626,60
4627,60
4628,60
4629,60
4630,60
4631,60
4632,60
4633,60
4634,60
4635,60
4636,60
4637,60
4638,60
4639,60
4640,60
4641,60
4642,60
4643,60
4644,60
4645,60
4646,60
4647,60
4648,60
4649,60
4650,60
4651,60
4652,60
4653,60
4654,60
4655,60
4656,60
4657,60
4658,60
4659,60
4660,60
4661,60
4662,60
4663,60
4664,60
4665,60
4666,60
4667,60
4668,60
4669,60
4670,60
4671,60
4672,60
4673,60
4674,60
4675,60
4676,60
4677,60
4678,60
4679,60
4680,60
4681,60
4682,60
4683,60
4684,60
4685,60
4686,60
4687,60
4688,60
4689,60
4690,60
4691,60
4692,60
4693,60
4694,60
4695,60
4696,60
4697,60
4698,60
4699,60
4700,60
4701,60
4702,60
4703,60
4704,60
4705,60
4706,60
4707,60
4708,60
4709,60
4710,60
4711,60
4712,60
4713,60
4714,60
4715,60
4716,60
4717,60
4718,60
4719,60
4720,60
4721,60
4722,60
4723,60
4724,60
4725,60
4726,60
4727,60
4728,60
4729,60
4730,60
4731,60
4732,60
4733,60
4734,60
4735,60
4736,60
4737,60
4738,60
4739,60
4740,60
4741,60
4742,60
4743,60
4744,60
4745,60
4746,60
4747,60
4748,60
4749,60
4750,60
4751,60
4752,60
4753,60
4754,60
4755,60
4756,60
4757,60
4758,60
4759,60
4760,60
4761,60
4762,60
4763,60
4764,60
4765,60
4766,60
4767,60
4768,60
4769,60
4770,60
4771,60
4772,60
4773,60
4774,60
4775,60
4776,60
4777,60
4778,60
4779,60
4780,60
4781,60
4782,60
4783,60
4784,60
4785,60
4786,60
4787,60
4788,60
4789,60
4790,60
4791,60
4792,60
4793,60
4794,60
4795,60
4796,60
4797,60
4798,60
4799,60
4800,60
4801,60
4802,60
4803,60
4804,60
4805,60
4806,60
4807,60
4808,60
4809,60
4810,60
4811,60
4812,60
4813,60
4814,60
4815,60
4816,60
4817,60
4818,60
4819,60
4820,60
4821,60
4822,60
4823,60
4824,60
4825,60
4826,60
4827,60
4828,60
4829,60
4830,60
4831,60
4832,60
4833,60
4834,60
4835,60
4836,60
4837,60
4838,60
4839,60
4840,60
4841,60
4842,60
4843,60
4844,60
4845,60
4846,60
4847,60
4848,60
4849,60
4850,60
4851,60
4852,60
4853,60
4854,60
4855,60
4856,60
4857,60
4858,60
4859,60
4860,60
4861,60
4862,60
4863,60
4864,60
4865,60
4866,60
4867,60
4868,60
4869,60
4870,60
4871,60
4872,60
4873,60
4874,60
4875,60
4876,60
4877,60
4878,60
4879,60
4880,60
4881,60
4882,60
4883,60
4884,60
4885,60
4886,60
4887,60
4888,60
4889,60
4890,60
4891,60
4892,60
4893,60
4894,60
4895,60
4896,60
4897,60
4898,60
4899,60
4900,60
4901,60
4902,60
4903,60
4904,60
4905,60
4906,60
4907,60
4908,60
4909,60
4910,60
4911,60
4912,60
4913,60
4914,60
4915,60
4916,60
4917,60
4918,60
4919,60
4920,60
4921,60
4922,60
4923,60
4924,60
4925,60
4926,60
4927,60
4928,60
4929,60
4930,60
4931,60
4932,60
4933,60
4934,60
4935,60
4936,60
4937,60
4938,60
4939,60
4940,60
4941,60
4942,60
4943,60
4944,60
4945,60
4946,60
4947,60
4948,60
4949,60
4950,60
4951,60
4952,60
4953,60
4954,60
4955,60
4956,60
4957,60
4958,60
4959,60
4960,60
4961,60
4962,60
4963,60
4964,60
4965,60
4966,60
4967,60
4968,60
4969,60
4970,60
4971,60
4972,60
4973,60
4974,60
4975,60
4976,60
4977,60
4978,60
4979,60
4980,60
4981,60
4982,60
4983,60
4984,60
4985,60
4986,60
4987,60
4988,60
4989,60
4990,60
4991,60
4992,60
4993,60
4994,60
4995,60
4996,60
4997,60
4998,60
4999,60
5000,60
5001,60
5002,60
5003,60
5004,60
5005,60
5006,60
5007,60
5008,60
5009,60
5010,60
5011,60
5012,60
5013,60
5014,60
5015,60
5016,60
5017,60
5018,60
5019,60
5020,60
5021,60
5022,60
5023,60
5024,60
5025,60
5026,60
5027,60
5028,60
5029,60
5030,60
5031,60
5032,60
5033,60
5034,60
5035,60
5036,60
5037,60
5038,60
5039,60
5040,60
5041,60
5042,60
5043,60
5044,60
5045,60
5046,60
5047,60
5048,60
5049,60
5050,60
5051,60
5052,60
5053,60
5054,60
5055,60
5056,60
5057,60
5058,60
5059,60
5060,60
5061,60
5062,60
5063,60
5064,60
5065,60
5066,60
5067,60
5068,60
5069,60
5070,60
5071,60
5072,60
5073,60
5074,60
5075,60
5076,60
5077,60
5078,60
5079,60
5080,60
5081,60
5082,60
5083,60
5084,60
5085,60
5086,60
5087,60
5088,60
5089,60
5090,60
5091,60
5092,60
5093,60
5094,60
5095,60
5096,60
5097,60
5098,60
5099,60
5100,60
5101,60
5102,60
5103,60
5104,60
5105,60
5106,60
5107,60
5108,60
5109,60
5110,60
5111,60
5112,60
5113,60
5114,60
5115,60
5116,60
5117,60
5118,60
5119,60
5120,60
5121,60
5122,60
5123,60
5124,60
5125,60
5126,60
5127,60
5128,60
5129,60
5130,60
5131,60
5132,60
5133,60
5134,60
5135,60
5136,60
5137,60
5138,60
5139,60
5140,60
5141,60
5142,60
5143,60
5144,60
5145,60
5146,60
5147,60
5148,60
5149,60
5150,60
5151,60
5152,60
5153,60
5154,60
5155,60
5156,60
5157,60
5158,60
5159,60
5160,60
5161,60
5162,60
5163,60
5164,60
5165,60
5166,60
5167,60
5168,60
5169,60
5170,60
5171,60
5172,60
5173,60
5174,60
5175,60
5176,60
5177,60
5178,60
5179,60
5180,60
5181,60
5182,60
5183,60
5184,60
5185,60
5186,60
5187,60
5188,60
5189,60
5190,60
5191,60
5192,60
5193,60
5194,60
5195,60
5196,60
5197,60
5198,60
5199,60
5200,60
5201,60
5202,60
5203,60
5204,60
5205,60
5206,60
5207,60
5208,60
5209,60
5210,60
5211,60
5212,60
5213,60
5214,60
5215,60
5216,60
5217,60
5218,60
5219,60
5220,60
5221,60
5222,60
5223,60
5224,60
5225,60
5226,60
5227,60
5228,60
5229,60
5230,60
5231,60
5232,60
5233,60
5234,60
5235,60
5236,60
5237,60
5238,60
5239,60
5240,60
5241,60
5242,60
5243,60
5244,60
5245,60
5246,60
5247,60
5248,60
5249,60
5250,60
5251,60
5252,60
5253,60
5254,60
5255,60
5256,60
5257,60
5258,60
5259,60
5260,60
5261,60
5262,60
5263,60
5264,60
5265,60
5266,60
5267,60
5268,60
5269,60
5270,60
5271,60
5272,60
5273,60
5274,60
5275,60
5276,60
5277,60
5278,60
5279,60
5280,60
5281,60
5282,60
5283,60
5284,60
5285,60
5286,60
5287,60
5288,60
5289,60
5290,60
5291,60
5292,60
5293,60
5294,60
5295,60
5296,60
5297,60
5298,60
5299,60
5300,60
5301,60
5302,60
5303,60
5304,60
5305,60
5306,60
5307,60
5308,60
5309,60
5310,60
5311,60
5312,60
5313,60
5314,60
5315,60
5316,60
5317,60
5318,60
5319,60
5320,60
5321,60
5322,60
5323,60
5324,60
5325,60
5326,60
5327,60
5328,60
5329,60
5330,60
5331,60
5332,60
5333,60
5334,60
5335,60
5336,60
5337,60
5338,60
5339,60
5340,60
5341,60
5342,60
5343,60
5344,60
5345,60
5346,60
5347,60
5348,60
5349,60
5350,60
5351,60
5352,60
5353,60
5354,60
5355,60
5356,60
5357,60
5358,60
5359,60
5360,60
5361,60
5362,60
5363,60
5364,60
5365,60
5366,60
5367,60
5368,60
5369,60
5370,60
5371,60
5372,60
5373,60
5374,60
5375,60
5376,60
5377,60
5378,60
5379,60
5380,60
5381,60
5382,60
5383,60
5384,60
5385,60
5386,60
5387,60
5388,60
5389,60
5390,60
5391,60
5392,60
5393,60
5394,60
5395,60
5396,60
5397,60
5398,60
5399,60
5400,60
5401,60
5402,60
5403,60
5404,60
5405,60
5406,60
5407,60
5408,60
5409,60
5410,60
5411,60
5412,60
5413,60
5414,60
5415,60
5416,60
5417,60
5418,60
5419,60
5420,60
5421,60
5422,60
5423,60
5424,60
5425,60
5426,60
5427,60
5428,60
5429,60
5430,60
5431,60
5432,60
5433,60
5434,60
5435,60
5436,60
5437,60
5438,60
5439,60
5440,60
5441,60
5442,60
5443,60
5444,60
5445,60
5446,60
5447,60
5448,60
5449,60
5450,60
5451,60
5452,60
5453,60
5454,60
5455,60
5456,60
5457,60
5458,60
5459,60
5460,60
5461,60
5462,60
5463,60
5464,60
5465,60
5466,60
5467,60
5468,60
5469,60
5470,60
5471,60
5472,60
5473,60
5474,60
5475,60
5476,60
5477,60
5478,60
5479,60
5480,60
5481,60
5482,60
5483,60
5484,60
5485,60
5486,60
5487,60
5488,60
5489,60
5490,60
5491,60
5492,60
5493,60
5494,60
5495,60
5496,60
5497,60
5498,60
5499,60
5500,60
5501,60
5502,60
5503,60
5504,60
5505,60
5506,60
5507,60
5508,60
5509,60
5510,60
5511,60
5512,60
5513,60
5514,60
5515,60
5516,60
5517,60
5518,60
5519,60
5520,60
5521,60
5522,60
5523,60
5524,60
5525,60
5526,60
5527,60
5528,60
5529,60
5530,60
5531,60
5532,60
5533,60
5534,60
5535,60
5536,60
5537,60
5538,60
5539,60
5540,60
5541,60
5542,60
5543,60
5544,60
5545,60
5546,60
5547,60
5548,60
5549,60
5550,60
5551,60
5552,60
5553,60
5554,60
5555,60
5556,60
5557,60
5558,60
5559,60
5560,60
5561,60
5562,60
5563,60
5564,60
5565,60
5566,60
5567,60
5568,60
5569,60
5570,60
5571,60
5572,60
5573,60
5574,60
5575,60
5576,60
5577,60
5578,60
5579,60
5580,60
5581,60
5582,60
5583,60
5584,60
5585,60
5586,60
5587,60
5588,60
5589,60
5590,60
5591,60
5592,60
5593,60
5594,60
5595,60
5596,60
5597,60
5598,60
5599,60
5600,60
5601,60
5602,60
5603,60
5604,60
5605,60
5606,60
5607,60
5608,60
5609,60
5610,60
5611,60
5612,60
5613,60
5614,60
5615,60
5616,60
5617,60
5618,60
5619,60
5620,60
5621,60
5622,60
5623,60
5624,60
5625,60
5626,60
5627,60
5628,60
5629,60
5630,60
5631,60
5632,60
5633,60
5634,60
5635,60
5636,60
5637,60
5638,60
5639,60
5640,60
5641,60
5642,60
5643,60
5644,60
5645,60
5646,60
5647,60
5648,60
5649,60
5650,60
5651,60
5652,60
5653,60
5654,60
5655,60
5656,60
5657,60
5658,60
5659,60
5660,60
5661,60
5662,60
5663,60
5664,60
5665,60
5666,60
5667,60
5668,60
5669,60
5670,60
5671,60
5672,60
5673,60
5674,60
5675,60
5676,60
5677,60
5678,60
5679,60
5680,60
5681,60
5682,60
5683,60
5684,60
5685,60
5686,60
5687,60
5688,60
5689,60
5690,60
5691,60
5692,60
5693,60
5694,60
5695,60
5696,60
5697,60
5698,60
5699,60
5700,60
5701,60
5702,60
5703,60
5704,60
5705,60
5706,60
5707,60
5708,60
5709,60
5710,60
5711,60
5712,60
5713,60
5714,60
5715,60
5716,60
5717,60
5718,60
5719,60
5720,60
5721,60
5722,60
5723,60
5724,60
5725,60
5726,60
5727,60
5728,60
5729,60
5730,60
5731,60
5732,60
5733,60
5734,60
5735,60
5736,60
5737,60
5738,60
5739,60
5740,60
5741,60
5742,60
5743,60
5744,60
5745,60
5746,60
5747,60
5748,60
5749,60
5750,60
5751,60
5752,60
5753,60
5754,60
5755,60
5756,60
5757,60
5758,60
5759,60
5760,60
5761,60
5762,60
5763,60
5764,60
5765,60
5766,60
5767,60
5768,60
5769,60
5770,60
5771,60
5772,60
5773,60
5774,60
5775,60
5776,60
5777,60
5778,60
5779,60
5780,60
5781,60
5782,60
5783,60
5784,60
5785,60
5786,60
5787,60
5788,60
5789,60
5790,60
5791,60
5792,60
5793,60
5794,60
5795,60
5796,60
5797,60
5798,60
5799,60
5800,60
5801,60
5802,60
5803,60
5804,60
5805,60
5806,60
5807,60
5808,60
5809,60
5810,60
5811,60
5812,60
5813,60
5814,60
5815,60
5816,60
5817,60
5818,60
5819,60
5820,60
5821,60
5822,60
5823,60
5824,60
5825,60
5826,60
5827,60
5828,60
5829,60
5830,60
5831,60
5832,60
5833,60
5834,60
5835,60
5836,60
5837,60
5838,60
5839,60
5840,60
5841,60
5842,60
5843,60
5844,60
5845,60
5846,60
5847,60
5848,60
5849,60
5850,60
5851,60
5852,60
5853,60
5854,60
5855,60
5856,60
5857,60
5858,60
5859,60
5860,60
5861,60
5862,60
5863,60
5864,60
5865,60
5866,60
5867,60
5868,60
5869,60
5870,60
5871,60
5872,60
5873,60
5874,60
5875,60
5876,60
5877,60
5878,60
5879,60
5880,60
5881,60
5882,60
5883,60
5884,60
5885,60
5886,60
5887,60
5888,60
5889,60
5890,60
5891,60
5892,60
5893,60
5894,60
5895,60
5896,60
5897,60
5898,60
5899,60
5900,60
5901,60
5902,60
5903,60
5904,60
5905,60
5906,60
5907,60
5908,60
5909,60
5910,60
5911,60
5912,60
5913,60
5914,60
5915,60
5916,60
5917,60
5918,60
5919,60
5920,60
5921,60
5922,60
5923,60
5924,60
5925,60
5926,60
5927,60
5928,60
5929,60
5930,60
5931,60
5932,60
5933,60
5934,60
5935,60
5936,60
5937,60
5938,60
5939,60
5940,60
5941,60
5942,60
5943,60
5944,60
5945,60
5946,60
5947,60
5948,60
5949,60
5950,60
5951,60
5952,60
5953,60
5954,60
5955,60
5956,60
5957,60
5958,60
5959,60
5960,60
5961,60
5962,60
5963,60
5964,60
5965,60
5966,60
5967,60
5968,60
5969,60
5970,60
5971,60
5972,60
5973,60
5974,60
5975,60
5976,60
5977,60
5978,60
5979,60
5980,60
5981,60
5982,60
5983,60
5984,60
5985,60
5986,60
5987,60
5988,60
5989,60
5990,60
5991,60
5992,60
5993,60
5994,60
5995,60
5996,60
5997,60
5998,60
5999,60
6000,60
6001,60
6002,60
6003,60
6004,60
6005,60
6006,60
6007,60
6008,60
6009,60
6010,60
6011,60
6012,60
6013,60
6014,60
6015,60
6016,60
6017,60
6018,60
6019,60
6020,60
6021,60
6022,60
6023,60
6024,60
6025,60
6026,60
6027,60
6028,60
6029,60
6030,60
6031,60
6032,60
6033,60
6034,60
6035,60
6036,60
6037,60
6038,60
6039,60
6040,60
6041,60
6042,60
6043,60
6044,60
6045,60
6046,60
6047,60
6048,60
6049,60
6050,60
6051,60
6052,60
6053,60
6054,60
6055,60
6056,60
6057,60
6058,60
6059,60
6060,60
6061,60
6062,60
6063,60
6064,60
6065,60
6066,60
6067,60
6068,60
6069,60
6070,60
6071,60
6072,60
6073,60
6074,60
6075,60
6076,60
6077,60
6078,60
6079,60
6080,60
6081,60
6082,60
6083,60
6084,60
6085,60
6086,60
6087,60
6088,60
6089,60
6090,60
6091,60
6092,60
6093,60
6094,60
6095,60
6096,60
6097,60
6098,60
6099,60
6100,60
6101,60
6102,60
6103,60
6104,60
6105,60
6106,60
6107,60
6108,60
6109,60
6110,60
6111,60
6112,60
6113,60
6114,60
6115,60
6116,60
6117,60
6118,60
6119,60
6120,60
6121,60
6122,60
6123,60
6124,60
6125,60
6126,60
6127,60
6128,60
6129,60
6130,60
6131,60
6132,60
6133,60
6134,60
6135,60
6136,60
6137,60
6138,60
6139,60
6140,60
6141,60
6142,60
6143,60
6144,60
6145,60
6146,60
6147,60
6148,60
6149,60
6150,60
6151,60
6152,60
6153,60
6154,60
6155,60
6156,60
6157,60
6158,60
6159,60
6160,60
6161,60
6162,60
6163,60
6164,60
6165,60
6166,60
6167,60
6168,60
6169,60
6170,60
6171,60
6172,60
6173,60
6174,60
6175,60
6176,60
6177,60
6178,60
6179,60
6180,60
6181,60
6182,60
6183,60
6184,60
6185,60
6186,60
6187,60
6188,60
6189,60
6190,60
6191,60
6192,60
6193,60
6194,60
6195,60
6196,60
6197,60
6198,60
6199,60
6200,60
6201,60
6202,60
6203,60
6204,60
6205,60
6206,60
6207,60
6208,60
6209,60
6210,60
6211,60
6212,60
6213,60
6214,60
6215,60
6216,60
6217,60
6218,60
6219,60
6220,60
6221,60
6222,60
6223,60
6224,60
6225,60
6226,60
6227,60
6228,60
6229,60
6230,60
6231,60
6232,60
6233,60
6234,60
6235,60
6236,60
6237,60
6238,60
6239,60
6240,60
6241,60
6242,60
6243,60
6244,60
6245,60
6246,60
6247,60
6248,60
6249,60
6250,60
6251,60
6252,60
6253,60
6254,60
6255,60
6256,60
6257,60
6258,60
6259,60
6260,60
6261,60
6262,60
6263,60
6264,60
6265,60
6266,60
6267,60
6268,60
6269,60
6270,60
6271,60
6272,60
6273,60
6274,60
6275,60
6276,60
6277,60
6278,60
6279,60
6280,60
6281,60
6282,60
6283,60
6284,60
6285,60
6286,60
6287,60
6288,60
6289,60
6290,60
6291,60
6292,60
6293,60
6294,60
6295,60
6296,60
6297,60
6298,60
6299,60
6300,60
6301,60
6302,60
6303,60
6304,60
6305,60
6306,60
6307,60
6308,60
6309,60
6310,60
6311,60
6312,60
6313,60
6314,60
6315,60
6316,60
6317,60
6318,60
6319,60
6320,60
6321,60
6322,60
6323,60
6324,60
6325,60
6326,60
6327,60
6328,60
6329,60
6330,60
6331,60
6332,60
6333,60
6334,60
6335,60
6336,60
6337,60
6338,60
6339,60
6340,60
6341,60
6342,60
6343,60
6344,60
6345,60
6346,60
6347,60
6348,60
6349,60
6350,60
6351,60
6352,60
6353,60
6354,60
6355,60
6356,60
6357,60
6358,60
6359,60
6360,60
6361,60
6362,60
6363,60
6364,60
6365,60
6366,60
6367,60
6368,60
6369,60
6370,60
6371,60
6372,60
6373,60
6374,60
6375,60
6376,60
6377,60
6378,60
6379,60
6380,60
6381,60
6382,60
6383,60
6384,60
6385,60
6386,60
6387,60
6388,60
6389,60
6390,60
6391,60
6392,60
6393,60
6394,60
6395,60
6396,60
6397,60
6398,60
6399,60
6400,60
6401,60
6402,60
6403,60
6404,60
6405,60
6406,60
6407,60
6408,60
6409,60
6410,60
6411,60
6412,60
6413,60
6414,60
6415,60
6416,60
6417,60
6418,60
6419,60
6420,60
6421,60
6422,60
6423,60
6424,60
6425,60
6426,60
6427,60
6428,60
6429,60
6430,60
6431,60
6432,60
6433,60
6434,60
6435,60
6436,60
6437,60
6438,60
6439,60
6440,60
6441,60
6442,60
6443,60
6444,60
6445,60
6446,60
6447,60
6448,60
6449,60
6450,60
6451,60
6452,60
6453,60
6454,60
6455,60
6456,60
6457,60
6458,60
6459,60
6460,60
6461,60
6462,60
6463,60
6464,60
6465,60
6466,60
6467,60
6468,60
6469,60
6470,60
6471,60
6472,60
6473,60
6474,60
6475,60
6476,60
6477,60
6478,60
6479,60
6480,60
6481,60
6482,60
6483,60
6484,60
6485,60
6486,60
6487,60
6488,60
6489,60
6490,60
6491,60
6492,60
6493,60
6494,60
6495,60
6496,60
6497,60
6498,60
6499,60
6500,60
6501,60
6502,60
6503,60
6504,60
6505,60
6506,60
6507,60
6508,60
6509,60
6510,60
6511,60
6512,60
6513,60
6514,60
6515,60
6516,60
6517,60
6518,60
6519,60
6520,60
6521,60
6522,60
6523,60
6524,60
6525,60
6526,60
6527,60
6528,60
6529,60
6530,60
6531,60
6532,60
6533,60
6534,60
6535,60
6536,60
6537,60
6538,60
6539,60
6540,60
6541,60
6542,60
6543,60
6544,60
6545,60
6546,60
6547,60
6548,60
6549,60
6550,60
6551,60
6552,60
6553,60
6554,60
6555,60
6556,60
6557,60
6558,60
6559,60
6560,60
6561,60
6562,60
6563,60
6564,60
6565,60
6566,60
6567,60
6568,60
6569,60
6570,60
6571,60
6572,60
6573,60
6574,60
6575,60
6576,60
6577,60
6578,60
6579,60
6580,60
6581,60
6582,60
6583,60
6584,60
6585,60
6586,60
6587,60
6588,60
6589,60
6590,60
6591,60
6592,60
6593,60
6594,60
6595,60
6596,60
6597,60
6598,60
6599,60
6600,60
6601,60
6602,60
6603,60
6604,60
6605,60
6606,60
6607,60
6608,60
6609,60
6610,60
6611,60
6612,60
6613,60
6614,60
6615,60
6616,60
6617,60
6618,60
6619,60
6620,60
6621,60
6622,60
6623,60
6624,60
6625,60
6626,60
6627,60
6628,60
6629,60
6630,60
6631,60
6632,60
6633,60
6634,60
6635,60
6636,60
6637,60
6638,60
6639,60
6640,60
6641,60
6642,60
6643,60
6644,60
6645,60
6646,60
6647,60
6648,60
6649,60
6650,60
6651,60
6652,60
6653,60
6654,60
6655,60
6656,60
6657,60
6658,60
6659,60
6660,60
6661,60
6662,60
6663,60
6664,60
6665,60
6666,60
6667,60
6668,60
6669,60
6670,60
6671,60
6672,60
6673,60
6674,60
6675,60
6676,60
6677,60
6678,60
6679,60
6680,60
6681,60
6682,60
6683,60
6684,60
6685,60
6686,60
6687,60
6688,60
6689,60
6690,60
6691,60
6692,60
6693,60
6694,60
6695,60
6696,60
6697,60
6698,60
6699,60
6700,60
6701,60
6702,60
6703,60
6704,60
6705,60
6706,60
6707,60
6708,60
6709,60
6710,60
6711,60
6712,60
6713,60
6714,60
6715,60
6716,60
6717,60
6718,60
6719,60
6720,60
6721,60
6722,60
6723,60
6724,60
6725,60
6726,60
6727,60
6728,60
6729,60
6730,60
6731,60
6732,60
6733,60
6734,60
6735,60
6736,60
6737,60
6738,60
6739,60
6740,60
6741,60
6742,60
6743,60
6744,60
6745,60
6746,60
6747,60
6748,60
6749,60
6750,60
6751,60
6752,60
6753,60
6754,60
6755,60
6756,60
6757,60
6758,60
6759,60
6760,60
6761,60
6762,60
6763,60
6764,60
6765,60
6766,60
6767,60
6768,60
6769,60
6770,60
6771,60
6772,60
6773,60
6774,60
6775,60
6776,60
6777,60
6778,60
6779,60
6780,60
6781,60
6782,60
6783,60
6784,60
6785,60
6786,60
6787,60
6788,60
6789,60
6790,60
6791,60
6792,60
6793,60
6794,60
6795,60
6796,60
6797,60
6798,60
6799,60
6800,60
6801,60
6802,60
6803,60
6804,60
6805,60
6806,60
6807,60
6808,60
6809,60
6810,60
6811,60
6812,60
6813,60
6814,60
6815,60
6816,60
6817,60
6818,60
6819,60
6820,60
6821,60
6822,60
6823,60
6824,60
6825,60
6826,60
6827,60
6828,59
6829,59
6830,59
6831,59
6832,59
6833,59
6834,59
6835,59
6836,59
6837,59
6838,59
6839,59
6840,59
6841,59
6842,59
6843,59
6844,59
6845,59
6846,59
6847,59
6848,59
6849,59
6850,59
6851,59
6852,59
6853,59
6854,59
6855,59
6856,59
6857,59
6858,59
6859,59
6860,59
6861,59
6862,59
6863,59
6864,59
6865,59
6866,59
6867,59
6868,59
6869,59
6870,59
6871,59
6872,59
6873,59
6874,59
6875,59
6876,59
6877,59
6878,59
6879,59
6880,59
6881,59
6882,59
6883,59
6884,59
6885,59
6886,59
6887,59
6888,59
6889,59
6890,59
6891,59
6892,59
6893,59
6894,59
6895,59
6896,59
6897,59
6898,59
6899,59
6900,59
6901,59
6902,59
6903,59
6904,59
6905,59
6906,59
6907,59
6908,59
6909,59
6910,59
6911,59
6912,59
6913,59
6914,59
6915,59
6916,59
6917,59
6918,59
6919,59
6920,59
6921,59
6922,59
6923,59
6924,59
6925,59
6926,59
6927,59
6928,59
6929,59
6930,59
6931,59
6932,59
6933,59
6934,59
6935,59
6936,59
6937,59
6938,59
6939,59
6940,59
6941,59
6942,59
6943,59
6944,59
6945,59
6946,59
6947,59
6948,59
6949,59
6950,59
6951,59
6952,59
6953,59
6954,59
6955,59
6956,59
6957,59
6958,59
6959,59
6960,59
6961,59
6962,59
6963,59
6964,59
6965,59
6966,59
6967,59
6968,59
6969,59
6970,59
6971,59
6972,59
6973,59
6974,59
6975,59
6976,59
6977,59
6978,59
6979,59
6980,59
6981,59
6982,59
6983,59
6984,59
6985,59
6986,59
6987,59
6988,59
6989,59
6990,59
6991,59
6992,59
6993,59
6994,59
6995,59
6996,59
6997,59
6998,59
6999,59
7000,59
7001,59
7002,59
7003,59
7004,59
7005,59
7006,59
7007,59
7008,59
7009,59
7010,59
7011,59
7012,59
7013,59
7014,59
7015,59
7016,59
7017,59
7018,59
7019,59
7020,59
7021,59
7022,59
7023,59
7024,59
7025,59
7026,59
7027,59
7028,59
7029,59
7030,59
7031,59
7032,59
7033,59
7034,59
7035,59
7036,59
7037,59
7038,59
7039,59
7040,59
7041,59
7042,59
7043,59
7044,59
7045,59
7046,59
7047,59
7048,59
7049,59
7050,59
7051,59
7052,59
7053,59
7054,59
7055,59
7056,59
7057,59
7058,59
7059,59
7060,59
7061,59
7062,59
7063,59
7064,59
7065,59
7066,59
7067,59
7068,59
7069,59
7070,59
7071,59
7072,59
7073,59
7074,59
7075,59
7076,59
7077,59
7078,59
7079,59
7080,59
7081,59
7082,59
7083,59
7084,59
7085,59
7086,59
7087,59
7088,59
7089,59
7090,59
7091,59
7092,59
7093,59
7094,59
7095,59
7096,59
7097,59
7098,59
7099,59
7100,59
7101,59
7102,59
7103,59
7104,59
7105,59
7106,59
7107,59
7108,59
7109,59
7110,59
7111,59
7112,59
7113,59
7114,59
7115,59
7116,59
7117,59
7118,59
7119,59
7120,59
7121,59
7122,59
7123,59
7124,59
7125,59
7126,59
7127,59
7128,59
7129,59
7130,59
7131,59
7132,59
7133,59
7134,59
7135,59
7136,59
7137,59
7138,59
7139,59
7140,59
7141,59
7142,59
7143,59
7144,59
7145,59
7146,59
7147,59
7148,59
7149,59
7150,59
7151,59
7152,59
7153,59
7154,59
7155,59
7156,59
7157,59
7158,59
7159,59
7160,59
7161,59
7162,59
7163,59
7164,59
7165,59
7166,59
7167,59
7168,59
7169,59
7170,59
7171,59
7172,59
7173,59
7174,59
7175,59
7176,59
7177,59
7178,59
7179,59
7180,59
7181,59
7182,59
7183,59
7184,59
7185,59
7186,59
7187,59
7188,59
7189,59
7190,59
7191,59
7192,59
7193,59
7194,59
7195,59
7196,59
7197,59
7198,59
7199,59
7200,59
7201,59
7202,59
7203,59
7204,59
7205,59
7206,59
7207,59
7208,59
7209,59
7210,59
7211,59
7212,59
7213,59
7214,59
7215,59
7216,59
7217,59
7218,59
7219,59
7220,59
7221,59
7222,59
7223,59
7224,59
7225,59
7226,59
7227,59
7228,59
7229,59
7230,59
7231,59
7232,59
7233,59
7234,59
7235,59
7236,59
7237,59
7238,59
7239,59
7240,59
7241,59
7242,59
7243,59
7244,59
7245,59
7246,59
7247,59
7248,59
7249,59
7250,59
7251,59
7252,59
7253,59
7254,59
7255,59
7256,59
7257,59
7258,59
7259,59
7260,59
7261,59
7262,59
7263,59
7264,59
7265,59
7266,59
7267,59
7268,59
7269,59
7270,59
7271,59
7272,59
7273,59
7274,59
7275,59
7276,59
7277,59
7278,59
7279,59
7280,59
7281,59
7282,59
7283,59
7284,59
7285,59
7286,59
7287,59
7288,59
7289,59
7290,59
7291,59
7292,59
7293,59
7294,59
7295,59
7296,59
7297,59
7298,59
7299,59
7300,59
7301,59
7302,59
7303,59
7304,59
7305,59
7306,59
7307,59
7308,59
7309,59
7310,59
7311,59
7312,59
7313,59
7314,59
7315,59
7316,59
7317,59
7318,59
7319,59
7320,59
7321,59
7322,59
7323,59
7324,59
7325,59
7326,59
7327,59
7328,59
7329,59
7330,59
7331,59
7332,59
7333,59
7334,59
7335,59
7336,59
7337,59
7338,59
7339,59
7340,59
7341,59
7342,59
7343,59
7344,59
7345,59
7346,59
7347,59
7348,59
7349,59
7350,59
7351,59
7352,59
7353,59
7354,59
7355,59
7356,59
7357,59
7358,59
7359,59
7360,59
7361,59
7362,59
7363,59
7364,59
7365,59
7366,59
7367,59
7368,59
7369,59
7370,59
7371,59
7372,59
7373,59
7374,59
7375,59
7376,59
7377,59
7378,59
7379,59
7380,59
7381,59
7382,59
7383,59
7384,59
7385,59
7386,59
7387,59
7388,59
7389,59
7390,59
7391,59
7392,59
7393,59
7394,59
7395,59
7396,59
7397,59
7398,59
7399,59
7400,59
7401,59
7402,59
7403,59
7404,59
7405,59
7406,59
7407,59
7408,59
7409,59
7410,59
7411,59
7412,59
7413,59
7414,59
7415,59
7416,59
7417,59
7418,59
7419,59
7420,59
7421,59
7422,59
7423,59
7424,59
7425,59
7426,59
7427,59
7428,59
7429,59
7430,59
7431,59
7432,59
7433,59
7434,59
7435,59
7436,59
7437,59
7438,59
7439,59
7440,59
7441,59
7442,59
7443,59
7444,59
7445,59
7446,59
7447,59
7448,59
7449,59
7450,59
7451,59
7452,59
7453,59
7454,59
7455,59
7456,59
7457,59
7458,59
7459,59
7460,59
7461,59
7462,59
7463,59
7464,59
7465,59
7466,59
7467,59
7468,59
7469,59
7470,59
7471,59
7472,59
7473,59
7474,59
7475,59
7476,59
7477,59
7478,59
7479,59
7480,59
7481,59
7482,59
7483,59
7484,59
7485,59
7486,59
7487,59
7488,59
7489,59
7490,59
7491,59
7492,59
7493,59
7494,59
7495,59
7496,59
7497,59
7498,59
7499,59
7500,59
7501,59
7502,59
7503,59
7504,59
7505,59
7506,59
7507,59
7508,59
7509,59
7510,59
7511,59
7512,59
7513,59
7514,59
7515,59
7516,59
7517,59
7518,59
7519,59
7520,59
7521,59
7522,59
7523,59
7524,59
7525,59
7526,59
7527,59
7528,59
7529,59
7530,59
7531,59
7532,59
7533,59
7534,59
7535,59
7536,59
7537,59
7538,59
7539,59
7540,59
7541,59
7542,59
7543,59
7544,59
7545,59
7546,59
7547,59
7548,59
7549,59
7550,59
7551,59
7552,59
7553,59
7554,59
7555,59
7556,59
7557,59
7558,59
7559,59
7560,59
7561,59
7562,59
7563,59
7564,59
7565,59
7566,59
7567,59
7568,59
7569,59
7570,59
7571,59
7572,59
7573,59
7574,59
7575,59
7576,59
7577,59
7578,59
7579,59
7580,59
7581,59
7582,59
7583,59
7584,59
7585,59
7586,59
7587,59
7588,59
7589,59
7590,59
7591,59
7592,59
7593,59
7594,59
7595,59
7596,59
7597,59
7598,59
7599,59
7600,59
7601,59
7602,59
7603,59
7604,59
7605,59
7606,59
7607,59
7608,59
7609,59
7610,59
7611,59
7612,59
7613,59
7614,59
7615,59
7616,59
7617,59
7618,59
7619,59
7620,59
7621,59
7622,59
7623,59
7624,59
7625,59
7626,59
7627,59
7628,59
7629,59
7630,59
7631,59
7632,59
7633,59
7634,59
7635,59
7636,59
7637,59
7638,59
7639,59
7640,59
7641,59
7642,59
7643,59
7644,59
7645,59
7646,59
7647,59
7648,59
7649,59
7650,59
7651,59
7652,59
7653,59
7654,59
7655,59
7656,59
7657,59
7658,59
7659,59
7660,59
7661,59
7662,59
7663,59
7664,59
7665,59
7666,59
7667,59
7668,59
7669,59
7670,59
7671,59
7672,59
7673,59
7674,59
7675,59
7676,59
7677,59
7678,59
7679,59
7680,59
7681,59
7682,59
7683,59
7684,59
7685,59
7686,59
7687,59
7688,59
7689,59
7690,59
7691,59
7692,59
7693,59
7694,59
7695,59
7696,59
7697,59
7698,59
7699,59
7700,59
7701,59
7702,59
7703,59
7704,59
7705,59
7706,59
7707,59
7708,59
7709,59
7710,59
7711,59
7712,59
7713,59
7714,59
7715,59
7716,59
7717,59
7718,59
7719,59
7720,59
7721,59
7722,59
7723,59
7724,59
7725,59
7726,59
7727,59
7728,59
7729,59
7730,59
7731,59
7732,59
7733,59
7734,59
7735,59
7736,59
7737,59
7738,59
7739,59
7740,59
7741,59
7742,59
7743,59
7744,59
7745,59
7746,59
7747,59
7748,59
7749,59
7750,59
7751,59
7752,59
7753,59
7754,59
7755,59
7756,59
7757,59
7758,59
7759,59
7760,59
7761,59
7762,59
7763,59
7764,59
7765,59
7766,59
7767,59
7768,59
7769,59
7770,59
7771,59
7772,59
7773,59
7774,59
7775,59
7776,59
7777,59
7778,59
7779,59
7780,59
7781,59
7782,59
7783,59
7784,59
7785,59
7786,59
7787,59
7788,59
7789,59
7790,59
7791,59
7792,59
7793,59
7794,59
7795,59
7796,59
7797,59
7798,59
7799,59
7800,59
7801,59
7802,59
7803,59
7804,59
7805,59
7806,59
7807,59
7808,59
7809,59
7810,59
7811,59
7812,59
7813,59
7814,59
7815,59
7816,59
7817,59
7818,59
7819,59
7820,59
7821,59
7822,59
7823,59
7824,59
7825,59
7826,59
7827,59
7828,59
7829,59
7830,59
7831,59
7832,59
7833,59
7834,59
7835,59
7836,59
7837,59
7838,59
7839,59
7840,59
7841,59
7842,59
7843,59
7844,59
7845,59
7846,59
7847,59
7848,59
7849,59
7850,59
7851,59
7852,59
7853,59
7854,59
7855,59
7856,59
7857,59
7858,59
7859,59
7860,59
7861,59
7862,59
7863,59
7864,59
7865,59
7866,59
7867,59
7868,59
7869,59
7870,59
7871,59
7872,59
7873,59
7874,59
7875,59
7876,59
7877,59
7878,59
7879,59
7880,59
7881,59
7882,59
7883,59
7884,59
7885,59
7886,59
7887,59
7888,59
7889,59
7890,59
7891,59
7892,59
7893,59
7894,59
7895,59
7896,59
7897,59
7898,59
7899,59
7900,59
7901,59
7902,59
7903,59
7904,59
7905,59
7906,59
7907,59
7908,59
7909,59
7910,59
7911,59
7912,59
7913,59
7914,59
7915,59
7916,59
7917,59
7918,59
7919,59
7920,59
7921,59
7922,59
7923,59
7924,59
7925,59
7926,59
7927,59
7928,59
7929,59
7930,59
7931,59
7932,59
7933,59
7934,59
7935,59
7936,59
7937,59
7938,59
7939,59
7940,59
7941,59
7942,59
7943,59
7944,59
7945,59
7946,59
7947,59
7948,59
7949,59
7950,59
7951,59
7952,59
7953,59
7954,59
7955,59
7956,59
7957,59
7958,59
7959,59
7960,59
7961,59
7962,59
7963,59
7964,59
7965,59
7966,59
7967,59
7968,59
7969,59
7970,59
7971,59
7972,59
7973,59
7974,59
7975,59
7976,59
7977,59
7978,59
7979,59
7980,59
7981,59
7982,59
7983,59
7984,59
7985,59
7986,59
7987,59
7988,59
7989,59
7990,59
7991,59
7992,59
7993,59
7994,59
7995,59
7996,59
7997,59
7998,59
7999,59
8000,59
8001,59
8002,59
8003,59
8004,59
8005,59
8006,59
8007,59
8008,59
8009,59
8010,59
8011,59
8012,59
8013,59
8014,59
8015,59
8016,59
8017,59
8018,59
8019,59
8020,59
8021,59
8022,59
8023,59
8024,59
8025,59
8026,59
8027,59
8028,59
8029,59
8030,59
8031,59
8032,59
8033,59
8034,59
8035,59
8036,59
8037,59
8038,59
8039,59
8040,59
8041,59
8042,59
8043,59
8044,59
8045,59
8046,59
8047,59
8048,59
8049,59
8050,59
8051,59
8052,59
8053,59
8054,59
8055,59
8056,59
8057,59
8058,59
8059,59
8060,59
8061,59
8062,59
8063,59
8064,59
8065,59
8066,59
8067,59
8068,59
8069,59
8070,59
8071,59
8072,59
8073,59
8074,59
8075,59
8076,59
8077,59
8078,59
8079,59
8080,59
8081,59
8082,59
8083,59
8084,59
8085,59
8086,59
8087,59
8088,59
8089,59
8090,59
8091,59
8092,59
8093,59
8094,59
8095,59
8096,59
8097,59
8098,59
8099,59
8100,59
8101,59
8102,59
8103,59
8104,59
8105,59
8106,59
8107,59
8108,59
8109,59
8110,59
8111,59
8112,59
8113,59
8114,59
8115,59
8116,59
8117,59
8118,59
8119,59
8120,59
8121,59
8122,59
8123,59
8124,59
8125,59
8126,59
8127,59
8128,59
8129,59
8130,59
8131,59
8132,59
8133,59
8134,59
8135,59
8136,59
8137,59
8138,59
8139,59
8140,59
8141,59
8142,59
8143,59
8144,59
8145,59
8146,59
8147,59
8148,59
8149,59
8150,59
8151,59
8152,59
8153,59
8154,59
8155,59
8156,59
8157,59
8158,59
8159,59
8160,59
8161,59
8162,59
8163,59
8164,59
8165,59
8166,59
8167,59
8168,59
8169,59
8170,59
8171,59
8172,59
8173,59
8174,59
8175,59
8176,59
8177,59
8178,59
8179,59
8180,59
8181,59
8182,59
8183,59
8184,59
8185,59
8186,59
8187,59
8188,59
8189,59
8190,59
8191,59
8192,59
8193,59
8194,59
8195,59
8196,59
8197,59
8198,59
8199,59
8200,59
8201,59
8202,59
8203,59
8204,59
8205,59
8206,59
8207,59
8208,59
8209,59
8210,59
8211,59
8212,59
8213,59
8214,59
8215,59
8216,59
8217,59
8218,59
8219,59
8220,59
8221,59
8222,59
8223,59
8224,59
8225,59
8226,59
8227,59
8228,59
8229,59
8230,59
8231,59
8232,59
8233,59
8234,59
8235,59
8236,59
8237,59
8238,59
8239,59
8240,59
8241,59
8242,59
8243,59
8244,59
8245,59
8246,59
8247,59
8248,59
8249,59
8250,59
8251,59
8252,59
8253,59
8254,59
8255,59
8256,59
8257,59
8258,59
8259,59
8260,59
8261,59
8262,59
8263,59
8264,59
8265,59
8266,59
8267,59
8268,59
8269,59
8270,59
8271,59
8272,59
8273,59
8274,59
8275,59
8276,59
8277,59
8278,59
8279,59
8280,59
8281,59
8282,59
8283,59
8284,59
8285,59
8286,59
8287,59
8288,59
8289,59
8290,59
8291,59
8292,59
8293,59
8294,59
8295,59
8296,59
8297,59
8298,59
8299,59
8300,59
8301,59
8302,59
8303,59
8304,59
8305,59
8306,59
8307,59
8308,59
8309,59
8310,59
8311,59
8312,59
8313,59
8314,59
8315,59
8316,59
8317,59
8318,59
8319,59
8320,59
8321,59
8322,59
8323,59
8324,59
8325,59
8326,59
8327,59
8328,59
8329,59
8330,59
8331,59
8332,59
8333,59
8334,59
8335,59
8336,59
8337,59
8338,59
8339,59
8340,59
8341,59
8342,59
8343,59
8344,59
8345,59
8346,59
8347,59
8348,59
8349,59
8350,59
8351,59
8352,59
8353,59
8354,59
8355,59
8356,59
8357,59
8358,59
8359,59
8360,59
8361,59
8362,59
8363,59
8364,59
8365,59
8366,59
8367,59
8368,59
8369,59
8370,59
8371,59
8372,59
8373,59
8374,59
8375,59
8376,59
8377,59
8378,59
8379,59
8380,59
8381,59
8382,59
8383,59
8384,59
8385,59
8386,59
8387,59
8388,59
8389,59
8390,59
8391,59
8392,59
8393,59
8394,59
8395,59
8396,59
8397,59
8398,59
8399,59
8400,59
8401,59
8402,59
8403,59
8404,59
8405,59
8406,59
8407,59
8408,59
8409,59
8410,59
8411,59
8412,59
8413,59
8414,59
8415,59
8416,59
8417,59
8418,59
8419,59
8420,59
8421,59
8422,59
8423,59
8424,59
8425,59
8426,59
8427,59
8428,59
8429,59
8430,59
8431,59
8432,59
8433,59
8434,59
8435,59
8436,59
8437,59
8438,59
8439,59
8440,59
8441,59
8442,59
8443,59
8444,59
8445,59
8446,59
8447,59
8448,59
8449,59
8450,59
8451,59
8452,59
8453,59
8454,59
8455,59
8456,59
8457,59
8458,59
8459,59
8460,59
8461,59
8462,59
8463,59
8464,59
8465,59
8466,59
8467,59
8468,59
8469,59
8470,59
8471,59
8472,59
8473,59
8474,59
8475,59
8476,59
8477,59
8478,59
8479,59
8480,59
8481,59
8482,59
8483,59
8484,59
8485,59
8486,59
8487,59
8488,59
8489,59
8490,59
8491,59
8492,59
8493,59
8494,59
8495,59
8496,59
8497,59
8498,59
8499,59
8500,59
8501,59
8502,59
8503,59
8504,59
8505,59
8506,59
8507,59
8508,59
8509,59
8510,59
8511,59
8512,59
8513,59
8514,59
8515,59
8516,59
8517,59
8518,59
8519,59
8520,59
8521,59
8522,59
8523,59
8524,59
8525,59
8526,59
8527,59
8528,59
8529,59
8530,59
8531,59
8532,59
8533,59
8534,59
8535,59
8536,59
8537,59
8538,59
8539,59
8540,59
8541,59
8542,59
8543,59
8544,59
8545,59
8546,59
8547,59
8548,59
8549,59
8550,59
8551,59
8552,59
8553,59
8554,59
8555,59
8556,59
8557,59
8558,59
8559,59
8560,59
8561,59
8562,59
8563,59
8564,59
8565,59
8566,59
8567,59
8568,59
8569,59
8570,59
8571,59
8572,59
8573,59
8574,59
8575,59
8576,59
8577,59
8578,59
8579,59
8580,59
8581,59
8582,59
8583,59
8584,59
8585,59
8586,59
8587,59
8588,59
8589,59
8590,59
8591,59
8592,59
8593,59
8594,59
8595,59
8596,59
8597,59
8598,59
8599,59
8600,59
8601,59
8602,59
8603,59
8604,59
8605,59
8606,59
8607,59
8608,59
8609,59
8610,59
8611,59
8612,59
8613,59
8614,59
8615,59
8616,59
8617,59
8618,59
8619,59
8620,59
8621,59
8622,59
8623,59
8624,59
8625,59
8626,59
8627,59
8628,59
8629,59
8630,59
8631,59
8632,59
8633,59
8634,59
8635,59
8636,59
8637,59
8638,59
8639,59
8640,59
8641,59
8642,59
8643,59
8644,59
8645,59
8646,59
8647,59
8648,59
8649,59
8650,59
8651,59
8652,59
8653,59
8654,59
8655,59
8656,59
8657,59
8658,59
8659,59
8660,59
8661,59
8662,59
8663,59
8664,59
8665,59
8666,59
8667,59
8668,59
8669,59
8670,59
8671,59
8672,59
8673,59
8674,59
8675,59
8676,59
8677,59
8678,59
8679,59
8680,59
8681,59
8682,59
8683,59
8684,59
8685,59
8686,59
8687,59
8688,59
8689,59
8690,59
8691,59
8692,59
8693,59
8694,59
8695,59
8696,59
8697,59
8698,59
8699,59
8700,59
8701,59
8702,59
8703,59
8704,59
8705,59
8706,59
8707,59
8708,59
8709,59
8710,59
8711,59
8712,59
8713,59
8714,59
8715,59
8716,59
8717,59
8718,59
8719,59
8720,59
8721,59
8722,59
8723,59
8724,59
8725,59
8726,59
8727,59
8728,59
8729,59
8730,59
8731,59
8732,59
8733,59
8734,59
8735,59
8736,59
8737,59
8738,59
8739,59
8740,59
8741,59
8742,59
8743,59
8744,59
8745,59
8746,59
8747,59
8748,59
8749,59
8750,59
8751,59
8752,59
8753,59
8754,59
8755,59
8756,59
8757,59
8758,59
8759,59
8760,59
8761,59
8762,59
8763,59
8764,59
8765,59
8766,59
8767,59
8768,59
8769,59
8770,59
8771,59
8772,59
8773,59
8774,59
8775,59
8776,59
8777,59
8778,59
8779,59
8780,59
8781,59
8782,59
8783,59
8784,59
8785,59
8786,59
8787,59
8788,59
8789,59
8790,59
8791,59
8792,59
8793,59
8794,59
8795,59
8796,59
8797,59
8798,59
8799,59
8800,59
8801,59
8802,59
8803,59
8804,59
8805,59
8806,59
8807,59
8808,59
8809,59
8810,59
8811,59
8812,59
8813,59
8814,59
8815,59
8816,59
8817,59
8818,59
8819,59
8820,59
8821,59
8822,59
8823,59
8824,59
8825,59
8826,59
8827,59
8828,59
8829,59
8830,59
8831,59
8832,59
8833,59
8834,59
8835,59
8836,59
8837,59
8838,59
8839,59
8840,59
8841,59
8842,59
8843,59
8844,59
8845,59
8846,59
8847,59
8848,59
8849,59
8850,59
8851,59
8852,59
8853,59
8854,59
8855,59
8856,59
8857,59
8858,59
8859,59
8860,59
8861,59
8862,59
8863,59
8864,59
8865,59
8866,59
8867,59
8868,59
8869,59
8870,59
8871,59
8872,59
8873,59
8874,59
8875,59
8876,59
8877,59
8878,59
8879,59
8880,59
8881,59
8882,59
8883,59
8884,59
8885,59
8886,59
8887,59
8888,59
8889,59
8890,59
8891,59
8892,59
8893,59
8894,59
8895,59
8896,59
8897,59
8898,59
8899,59
8900,59
8901,59
8902,59
8903,59
8904,59
8905,59
8906,59
8907,59
8908,59
8909,59
8910,59
8911,59
8912,59
8913,59
8914,59
8915,59
8916,59
8917,59
8918,59
8919,59
8920,59
8921,59
8922,59
8923,59
8924,59
8925,59
8926,59
8927,59
8928,59
8929,59
8930,59
8931,59
8932,59
8933,59
8934,59
8935,59
8936,59
8937,59
8938,59
8939,59
8940,59
8941,59
8942,59
8943,59
8944,59
8945,59
8946,59
8947,59
8948,59
8949,59
8950,59
8951,59
8952,59
8953,59
8954,59
8955,59
8956,59
8957,59
8958,59
8959,59
8960,59
8961,59
8962,59
8963,59
8964,59
8965,59
8966,59
8967,59
8968,59
8969,59
8970,59
8971,59
8972,59
8973,59
8974,59
8975,59
8976,59
8977,59
8978,59
8979,59
8980,59
8981,59
8982,59
8983,59
8984,59
8985,59
8986,59
8987,59
8988,59
8989,59
8990,59
8991,59
8992,59
8993,59
8994,59
8995,59
8996,59
8997,59
8998,59
8999,59
9000,59
9001,59
9002,59
9003,59
9004,59
9005,59
9006,59
9007,59
9008,59
9009,59
9010,59
9011,59
9012,59
9013,59
9014,59
9015,59
9016,59
9017,59
9018,59
9019,59
9020,59
9021,59
9022,59
9023,59
9024,59
9025,59
9026,59
9027,59
9028,59
9029,59
9030,59
9031,59
9032,59
9033,59
9034,59
9035,59
9036,59
9037,59
9038,59
9039,59
9040,59
9041,59
9042,59
9043,59
9044,59
9045,59
9046,59
9047,59
9048,59
9049,59
9050,59
9051,59
9052,59
9053,59
9054,59
9055,59
9056,59
9057,59
9058,59
9059,59
9060,59
9061,59
9062,59
9063,59
9064,59
9065,59
9066,59
9067,59
9068,59
9069,59
9070,59
9071,59
9072,59
9073,59
9074,59
9075,59
9076,59
9077,59
9078,59
9079,59
9080,59
9081,59
9082,59
9083,59
9084,59
9085,59
9086,59
9087,59
9088,59
9089,59
9090,59
9091,59
9092,59
9093,59
9094,59
9095,59
9096,59
9097,59
9098,59
9099,59
9100,59
9101,59
9102,59
9103,59
9104,59
9105,59
9106,59
9107,59
9108,59
9109,59
9110,59
9111,59
9112,59
9113,59
9114,59
9115,59
9116,59
9117,59
9118,59
9119,59
9120,59
9121,59
9122,59
9123,59
9124,59
9125,59
9126,59
9127,59
9128,59
9129,59
9130,59
9131,59
9132,59
9133,59
9134,59
9135,59
9136,59
9137,59
9138,59
9139,59
9140,59
9141,59
9142,59
9143,59
9144,59
9145,59
9146,59
9147,59
9148,59
9149,59
9150,59
9151,59
9152,59
9153,59
9154,59
9155,59
9156,59
9157,59
9158,59
9159,59
9160,59
9161,59
9162,59
9163,59
9164,59
9165,59
9166,59
9167,59
9168,59
9169,59
9170,59
9171,59
9172,59
9173,59
9174,59
9175,59
9176,59
9177,59
9178,59
9179,59
9180,59
9181,59
9182,59
9183,59
9184,59
9185,59
9186,59
9187,59
9188,59
9189,59
9190,59
9191,59
9192,59
9193,59
9194,59
9195,59
9196,59
9197,59
9198,59
9199,59
9200,59
9201,59
9202,59
9203,59
9204,59
9205,59
9206,59
9207,59
9208,59
9209,59
9210,59
9211,59
9212,59
9213,59
9214,59
9215,59
9216,59
9217,59
9218,59
9219,59
9220,59
9221,59
9222,59
9223,59
9224,59
9225,59
9226,59
9227,59
9228,59
9229,59
9230,59
9231,59
9232,59
9233,59
9234,59
9235,59
9236,59
9237,59
9238,59
9239,59
9240,59
9241,59
9242,59
9243,59
9244,59
9245,59
9246,59
9247,59
9248,59
9249,59
9250,59
9251,59
9252,59
9253,59
9254,59
9255,59
9256,59
9257,59
9258,59
9259,59
9260,59
9261,59
9262,59
9263,59
9264,59
9265,59
9266,59
9267,59
9268,59
9269,59
9270,59
9271,59
9272,59
9273,59
9274,59
9275,59
9276,59
9277,59
9278,59
9279,59
9280,59
9281,59
9282,59
9283,59
9284,59
9285,59
9286,59
9287,59
9288,59
9289,59
9290,59
9291,59
9292,59
9293,59
9294,59
9295,59
9296,59
9297,59
9298,59
9299,59
9300,59
9301,59
9302,59
9303,59
9304,59
9305,59
9306,59
9307,59
9308,59
9309,59
9310,59
9311,59
9312,59
9313,59
9314,59
9315,59
9316,59
9317,59
9318,59
9319,59
9320,59
9321,59
9322,59
9323,59
9324,59
9325,59
9326,59
9327,59
9328,59
9329,59
9330,59
9331,59
9332,59
9333,59
9334,59
9335,59
9336,59
9337,59
9338,59
9339,59
9340,59
9341,59
9342,59
9343,59
9344,59
9345,59
9346,59
9347,59
9348,59
9349,59
9350,59
9351,59
9352,59
9353,59
9354,59
9355,59
9356,59
9357,59
9358,59
9359,59
9360,59
9361,59
9362,59
9363,59
9364,59
9365,59
9366,59
9367,59
9368,59
9369,59
9370,59
9371,59
9372,59
9373,59
9374,59
9375,59
9376,59
9377,59
9378,59
9379,59
9380,59
9381,59
9382,59
9383,59
9384,59
9385,59
9386,59
9387,59
9388,59
9389,59
9390,59
9391,59
9392,59
9393,59
9394,59
9395,59
9396,59
9397,59
9398,59
9399,59
9400,59
9401,59
9402,59
9403,59
9404,59
9405,59
9406,59
9407,59
9408,59
9409,59
9410,59
9411,59
9412,59
9413,59
9414,59
9415,59
9416,59
9417,59
9418,59
9419,59
9420,59
9421,59
9422,59
9423,59
9424,59
9425,59
9426,59
9427,59
9428,59
9429,59
9430,59
9431,59
9432,59
9433,59
9434,59
9435,59
9436,59
9437,59
9438,59
9439,59
9440,59
9441,59
9442,59
9443,59
9444,59
9445,59
9446,59
9447,59
9448,59
9449,59
9450,59
9451,59
9452,59
9453,59
9454,59
9455,59
9456,59
9457,59
9458,59
9459,59
9460,59
9461,59
9462,59
9463,59
9464,59
9465,59
9466,59
9467,59
9468,59
9469,59
9470,59
9471,59
9472,59
9473,59
9474,59
9475,59
9476,59
9477,59
9478,59
9479,59
9480,59
9481,59
9482,59
9483,59
9484,59
9485,59
9486,59
9487,59
9488,59
9489,59
9490,59
9491,59
9492,59
9493,59
9494,59
9495,59
9496,59
9497,59
9498,59
9499,59
9500,59
9501,59
9502,59
9503,59
9504,59
9505,59
9506,59
9507,59
9508,59
9509,59
9510,59
9511,59
9512,59
9513,59
9514,59
9515,59
9516,59
9517,59
9518,59
9519,59
9520,59
9521,59
9522,59
9523,59
9524,59
9525,59
9526,59
9527,59
9528,59
9529,59
9530,59
9531,59
9532,59
9533,59
9534,59
9535,59
9536,59
9537,59
9538,59
9539,59
9540,59
9541,59
9542,59
9543,59
9544,59
9545,59
9546,59
9547,59
9548,59
9549,59
9550,59
9551,59
9552,59
9553,59
9554,59
9555,59
9556,59
9557,59
9558,59
9559,59
9560,59
9561,59
9562,59
9563,59
9564,59
9565,59
9566,59
9567,59
9568,59
9569,59
9570,59
9571,59
9572,59
9573,59
9574,59
9575,59
9576,59
9577,59
9578,59
9579,59
9580,59
9581,59
9582,59
9583,59
9584,59
9585,59
9586,59
9587,59
9588,59
9589,59
9590,59
9591,59
9592,59
9593,59
9594,59
9595,59
9596,59
9597,59
9598,59
9599,59
9600,59
9601,59
9602,59
9603,59
9604,59
9605,59
9606,59
9607,59
9608,59
9609,59
9610,59
9611,59
9612,59
9613,59
9614,59
9615,59
9616,59
9617,59
9618,59
9619,59
9620,59
9621,59
9622,59
9623,59
9624,59
9625,59
9626,59
9627,59
9628,59
9629,59
9630,59
9631,59
9632,59
9633,59
9634,59
9635,59
9636,59
9637,59
9638,59
9639,59
9640,59
9641,59
9642,59
9643,59
9644,59
9645,59
9646,59
9647,59
9648,59
9649,59
9650,59
9651,59
9652,59
9653,59
9654,59
9655,59
9656,59
9657,59
9658,59
9659,59
9660,59
9661,59
9662,59
9663,59
9664,59
9665,59
9666,59
9667,59
9668,59
9669,59
9670,59
9671,59
9672,59
9673,59
9674,59
9675,59
9676,59
9677,59
9678,59
9679,59
9680,59
9681,59
9682,59
9683,59
9684,59
9685,59
9686,59
9687,59
9688,59
9689,59
9690,59
9691,59
9692,59
9693,59
9694,59
9695,59
9696,59
9697,59
9698,59
9699,59
9700,59
9701,59
9702,59
9703,59
9704,59
9705,59
9706,59
9707,59
9708,59
9709,59
9710,59
9711,59
9712,59
9713,59
9714,59
9715,59
9716,59
9717,59
9718,59
9719,59
9720,59
9721,59
9722,59
9723,59
9724,59
9725,59
9726,59
9727,59
9728,59
9729,59
9730,59
9731,59
9732,59
9733,59
9734,59
9735,59
9736,59
9737,59
9738,59
9739,59
9740,59
9741,59
9742,59
9743,59
9744,59
9745,59
9746,59
9747,59
9748,59
9749,59
9750,59
9751,59
9752,59
9753,59
9754,59
9755,59
9756,59
9757,59
9758,59
9759,59
9760,59
9761,59
9762,59
9763,59
9764,59
9765,59
9766,59
9767,59
9768,59
9769,59
9770,59
9771,59
9772,59
9773,59
9774,59
9775,59
9776,59
9777,59
9778,59
9779,59
9780,59
9781,59
9782,59
9783,59
9784,59
9785,59
9786,59
9787,59
9788,59
9789,59
9790,59
9791,59
9792,59
9793,59
9794,59
9795,59
9796,59
9797,59
9798,59
9799,59
9800,59
9801,59
9802,59
9803,59
9804,59
9805,59
9806,59
9807,59
9808,59
9809,59
9810,59
9811,59
9812,59
9813,59
9814,59
9815,59
9816,59
9817,59
9818,59
9819,59
9820,59
9821,59
9822,59
9823,59
9824,59
9825,59
9826,59
9827,59
9828,59
9829,59
9830,59
9831,59
9832,59
9833,59
9834,59
9835,59
9836,59
9837,59
9838,59
9839,59
9840,59
9841,59
9842,59
9843,59
9844,59
9845,59
9846,59
9847,59
9848,59
9849,59
9850,59
9851,59
9852,59
9853,59
9854,59
9855,59
9856,59
9857,59
9858,59
9859,59
9860,59
9861,59
9862,59
9863,59
9864,59
9865,59
9866,59
9867,59
9868,59
9869,59
9870,59
9871,59
9872,59
9873,59
9874,59
9875,59
9876,59
9877,59
9878,59
9879,59
9880,59
9881,59
9882,59
9883,59
9884,59
9885,59
9886,59
9887,59
9888,59
9889,59
9890,59
9891,59
9892,59
9893,59
9894,59
9895,59
9896,59
9897,59
9898,59
9899,59
9900,59
9901,59
9902,59
9903,59
9904,59
9905,59
9906,59
9907,59
9908,59
9909,59
9910,59
9911,59
9912,59
9913,59
9914,59
9915,59
9916,59
9917,59
9918,59
9919,59
9920,59
9921,59
9922,59
9923,59
9924,59
9925,59
9926,59
9927,59
9928,59
9929,59
9930,59
9931,59
9932,59
9933,59
9934,59
9935,59
9936,59
9937,59
9938,59
9939,59
9940,59
9941,59
9942,59
9943,59
9944,59
9945,59
9946,59
9947,59
9948,59
9949,59
9950,59
9951,59
9952,59
9953,59
9954,59
9955,59
9956,59
9957,59
9958,59
9959,59
9960,59
9961,59
9962,59
9963,59
9964,59
9965,59
9966,59
9967,59
9968,59
9969,59
9970,59
9971,59
9972,59
9973,59
9974,59
9975,59
9976,59
9977,59
9978,59
9979,59
9980,59
9981,59
9982,59
9983,59
9984,59
9985,59
9986,59
9987,59
9988,59
9989,59
9990,59
9991,59
9992,59
9993,59
9994,59
9995,59
9996,59
9997,59
9998,59
9999,59
10000,59
10001,59
10002,59
10003,59
10004,59
10005,59
10006,59
10007,59
10008,59
10009,59
10010,59
10011,59
10012,59
10013,59
10014,59
10015,59
10016,59
10017,59
10018,59
10019,59
10020,59
10021,59
10022,59
10023,59
10024,59
10025,59
10026,59
10027,59
10028,59
10029,59
10030,59
10031,59
10032,59
10033,59
10034,59
10035,59
10036,59
10037,59
10038,59
10039,59
10040,59
10041,59
10042,59
10043,59
10044,59
10045,59
10046,59
10047,59
10048,59
10049,59
10050,59
10051,59
10052,59
10053,59
10054,59
10055,59
10056,59
10057,59
10058,59
10059,59
10060,59
10061,59
10062,59
10063,59
10064,59
10065,59
10066,59
10067,59
10068,59
10069,59
10070,59
10071,59
10072,59
10073,59
10074,59
10075,59
10076,59
10077,59
10078,59
10079,59
10080,59
10081,59
10082,59
10083,59
10084,59
10085,59
10086,59
10087,59
10088,59
10089,59
10090,59
10091,59
10092,59
10093,59
10094,59
10095,59
10096,59
10097,59
10098,59
10099,59
10100,59
10101,59
10102,59
10103,59
10104,59
10105,59
10106,59
10107,59
10108,59
10109,59
10110,59
10111,59
10112,59
10113,59
10114,59
10115,59
10116,59
10117,59
10118,59
10119,59
10120,59
10121,59
10122,59
10123,59
10124,59
10125,59
10126,59
10127,59
10128,59
10129,59
10130,59
10131,59
10132,59
10133,59
10134,59
10135,59
10136,59
10137,59
10138,59
10139,59
10140,59
10141,59
10142,59
10143,59
10144,59
10145,59
10146,59
10147,59
10148,59
10149,59
10150,59
10151,59
10152,59
10153,59
10154,59
10155,59
10156,59
10157,59
10158,59
10159,59
10160,59
10161,59
10162,59
10163,59
10164,59
10165,59
10166,59
10167,59
10168,59
10169,59
10170,59
10171,59
10172,59
10173,59
10174,59
10175,59
10176,59
10177,59
10178,59
10179,59
10180,59
10181,59
10182,59
10183,59
10184,59
10185,59
10186,59
10187,59
10188,59
10189,59
10190,59
10191,59
10192,59
10193,59
10194,59
10195,59
10196,59
10197,59
10198,59
10199,59
10200,59
10201,59
10202,59
10203,59
10204,59
10205,59
10206,59
10207,59
10208,59
10209,59
10210,59
10211,59
10212,59
10213,59
10214,59
10215,59
10216,59
10217,59
10218,59
10219,59
10220,59
10221,59
10222,59
10223,59
10224,59
10225,59
10226,59
10227,59
10228,59
10229,59
10230,59
10231,59
10232,59
10233,59
10234,59
10235,59
10236,59
10237,59
10238,59
10239,59
10240,59
10241,59
10242,59
10243,59
10244,59
10245,59
10246,59
10247,59
10248,59
10249,59
10250,59
10251,59
10252,59
10253,59
10254,59
10255,59
10256,59
10257,59
10258,59
10259,59
10260,59
10261,59
10262,59
10263,59
10264,59
10265,59
10266,59
10267,59
10268,59
10269,59
10270,59
10271,59
10272,59
10273,59
10274,59
10275,59
10276,59
10277,59
10278,59
10279,59
10280,59
10281,59
10282,59
10283,59
10284,59
10285,59
10286,59
10287,59
10288,59
10289,59
10290,59
10291,59
10292,59
10293,59
10294,59
10295,59
10296,59
10297,59
10298,59
10299,59
10300,59
10301,59
10302,59
10303,59
10304,59
10305,59
10306,59
10307,59
10308,59
10309,59
10310,59
10311,59
10312,59
10313,59
10314,59
10315,59
10316,59
10317,59
10318,59
10319,59
10320,59
10321,59
10322,59
10323,59
10324,59
10325,59
10326,59
10327,59
10328,59
10329,59
10330,59
10331,59
10332,59
10333,59
10334,59
10335,59
10336,59
10337,59
10338,59
10339,59
10340,59
10341,59
10342,59
10343,59
10344,59
10345,59
10346,59
10347,59
10348,59
10349,59
10350,59
10351,59
10352,59
10353,59
10354,59
10355,59
10356,59
10357,59
10358,59
10359,59
10360,59
10361,59
10362,59
10363,59
10364,59
10365,59
10366,59
10367,59
10368,59
10369,59
10370,59
10371,59
10372,59
10373,59
10374,59
10375,59
10376,59
10377,59
10378,59
10379,59
10380,59
10381,59
10382,59
10383,59
10384,59
10385,59
10386,59
10387,59
10388,59
10389,59
10390,59
10391,59
10392,59
10393,59
10394,59
10395,59
10396,59
10397,59
10398,59
10399,59
10400,59
10401,59
10402,59
10403,59
10404,59
10405,59
10406,59
10407,59
10408,59
10409,59
10410,59
10411,59
10412,59
10413,59
10414,59
10415,59
10416,59
10417,59
10418,59
10419,59
10420,59
10421,59
10422,59
10423,59
10424,59
10425,59
10426,59
10427,59
10428,59
10429,59
10430,59
10431,59
10432,59
10433,59
10434,59
10435,59
10436,59
10437,59
10438,59
10439,59
10440,59
10441,59
10442,59
10443,59
10444,59
10445,59
10446,59
10447,59
10448,59
10449,59
10450,59
10451,59
10452,59
10453,59
10454,59
10455,59
10456,59
10457,59
10458,59
10459,59
10460,59
10461,59
10462,59
10463,59
10464,59
10465,59
10466,59
10467,59
10468,59
10469,59
10470,59
10471,59
10472,59
10473,59
10474,59
10475,59
10476,59
10477,59
10478,59
10479,59
10480,59
10481,59
10482,59
10483,59
10484,59
10485,59
10486,59
10487,59
10488,59
10489,59
10490,59
10491,59
10492,59
10493,59
10494,59
10495,59
10496,59
10497,59
10498,59
10499,59
10500,59
10501,59
10502,59
10503,59
10504,59
10505,59
10506,59
10507,59
10508,59
10509,59
10510,59
10511,59
10512,59
10513,59
10514,59
10515,59
10516,59
10517,59
10518,59
10519,59
10520,59
10521,59
10522,59
10523,59
10524,59
10525,59
10526,59
10527,59
10528,59
10529,59
10530,59
10531,59
10532,59
10533,59
10534,59
10535,59
10536,59
10537,59
10538,59
10539,59
10540,59
10541,59
10542,59
10543,59
10544,59
10545,59
10546,59
10547,59
10548,59
10549,59
10550,59
10551,59
10552,59
10553,59
10554,59
10555,59
10556,59
10557,59
10558,59
10559,59
10560,59
10561,59
10562,59
10563,59
10564,59
10565,59
10566,59
10567,59
10568,59
10569,59
10570,59
10571,59
10572,59
10573,59
10574,59
10575,59
10576,59
10577,59
10578,59
10579,59
10580,59
10581,59
10582,59
10583,59
10584,59
10585,59
10586,59
10587,59
10588,59
10589,59
10590,59
10591,59
10592,59
10593,59
10594,59
10595,59
10596,59
10597,59
10598,59
10599,59
10600,59
10601,59
10602,59
10603,59
10604,59
10605,59
10606,59
10607,59
10608,59
10609,59
10610,59
10611,59
10612,59
10613,59
10614,59
10615,59
10616,59
10617,59
10618,59
10619,59
10620,59
10621,59
10622,59
10623,59
10624,59
10625,59
10626,59
10627,59
10628,59
10629,59
10630,59
10631,59
10632,59
10633,59
10634,59
10635,59
10636,59
10637,59
10638,59
10639,59
10640,59
10641,59
10642,59
10643,59
10644,59
10645,59
10646,59
10647,59
10648,59
10649,59
10650,59
10651,59
10652,59
10653,59
10654,59
10655,59
10656,59
10657,59
10658,59
10659,59
10660,59
10661,59
10662,59
10663,59
10664,59
10665,59
10666,59
10667,59
10668,59
10669,59
10670,59
10671,59
10672,59
10673,59
10674,59
10675,59
10676,59
10677,59
10678,59
10679,59
10680,59
10681,59
10682,59
10683,59
10684,59
10685,59
10686,59
10687,59
10688,59
10689,59
10690,59
10691,59
10692,59
10693,59
10694,59
10695,59
10696,59
10697,59
10698,59
10699,59
10700,59
10701,59
10702,59
10703,59
10704,59
10705,59
10706,59
10707,59
10708,59
10709,59
10710,59
10711,59
10712,59
10713,59
10714,59
10715,59
10716,59
10717,59
10718,59
10719,59
10720,59
10721,59
10722,59
10723,59
10724,59
10725,59
10726,59
10727,59
10728,59
10729,59
10730,59
10731,59
10732,59
10733,59
10734,59
10735,59
10736,59
10737,59
10738,59
10739,59
10740,59
10741,59
10742,59
10743,59
10744,59
10745,59
10746,59
10747,59
10748,59
10749,59
10750,59
10751,59
10752,59
10753,59
10754,59
10755,59
10756,59
10757,59
10758,59
10759,59
10760,59
10761,59
10762,59
10763,59
10764,59
10765,59
10766,59
10767,59
10768,59
10769,59
10770,59
10771,59
10772,59
10773,59
10774,59
10775,59
10776,59
10777,59
10778,59
10779,59
10780,59
10781,59
10782,59
10783,59
10784,59
10785,59
10786,59
10787,59
10788,59
10789,59
10790,59
10791,59
10792,59
10793,59
10794,59
10795,59
10796,59
10797,59
10798,59
10799,59
10800,59
10801,59
10802,59
10803,59
10804,59
10805,59
10806,59
10807,59
10808,59
10809,59
10810,59
10811,59
10812,59
10813,59
10814,59
10815,59
10816,59
10817,59
10818,59
10819,59
10820,59
10821,59
10822,59
10823,59
10824,59
10825,59
10826,59
10827,59
10828,59
10829,59
10830,59
10831,59
10832,59
10833,59
10834,59
10835,59
10836,59
10837,59
10838,59
10839,59
10840,59
10841,59
10842,59
10843,59
10844,59
10845,59
10846,59
10847,59
10848,59
10849,59
10850,59
10851,59
10852,59
10853,59
10854,59
10855,59
10856,59
10857,59
10858,59
10859,59
10860,59
10861,59
10862,59
10863,59
10864,59
10865,59
10866,59
10867,59
10868,59
10869,59
10870,59
10871,59
10872,59
10873,59
10874,59
10875,59
10876,59
10877,59
10878,59
10879,59
10880,59
10881,59
10882,59
10883,59
10884,59
10885,59
10886,59
10887,59
10888,59
10889,59
10890,59
10891,59
10892,59
10893,59
10894,59
10895,59
10896,59
10897,59
10898,59
10899,59
10900,59
10901,59
10902,59
10903,59
10904,59
10905,59
10906,59
10907,59
10908,59
10909,59
10910,59
10911,59
10912,59
10913,59
10914,59
10915,59
10916,59
10917,59
10918,59
10919,59
10920,59
10921,59
10922,59
10923,59
10924,59
10925,59
10926,59
10927,59
10928,59
10929,59
10930,59
10931,59
10932,59
10933,59
10934,59
10935,59
10936,59
10937,59
10938,59
10939,59
10940,59
10941,59
10942,59
10943,59
10944,59
10945,59
10946,59
10947,59
10948,59
10949,59
10950,59
10951,59
10952,59
10953,59
10954,59
10955,59
10956,59
10957,59
10958,59
10959,59
10960,59
10961,59
10962,59
10963,59
10964,59
10965,59
10966,59
10967,59
10968,59
10969,59
10970,59
10971,59
10972,59
10973,59
10974,59
10975,59
10976,59
10977,59
10978,59
10979,59
10980,59
10981,59
10982,59
10983,59
10984,59
10985,59
10986,59
10987,59
10988,59
10989,59
10990,59
10991,59
10992,59
10993,59
10994,59
10995,59
10996,59
10997,59
10998,59
10999,59
