0,64
1,64
2,64
3,64
4,64
5,64
6,64
7,64
8,64
9,64
10,64
11,64
12,64
13,64
14,64
15,64
16,64
17,64
18,64
19,64
20,64
21,64
22,64
23,64
24,64
25,64
26,64
27,64
28,64
29,64
30,64
31,64
32,64
33,64
34,64
35,64
36,64
37,64
38,64
39,64
40,64
41,63
42,63
43,63
44,63
45,63
46,63
47,63
48,63
49,63
50,63
51,63
52,63
53,63
54,63
55,63
56,63
57,63
58,63
59,63
60,63
61,63
62,63
63,63
64,63
65,63
66,63
67,63
68,63
69,63
70,63
71,63
72,63
73,63
74,63
75,63
76,63
77,63
78,63
79,63
80,63
81,63
82,63
83,63
84,63
85,63
86,63
87,63
88,63
89,63
90,63
91,63
92,63
93,63
94,63
95,63
96,63
97,63
98,63
99,63
100,63
101,63
102,63
103,63
104,63
105,63
106,63
107,63
108,63
109,63
110,63
111,63
112,63
113,63
114,63
115,63
116,63
117,63
118,63
119,63
120,63
121,63
122,63
123,63
124,63
125,63
126,63
127,63
128,63
129,63
130,63
131,63
132,63
133,63
134,63
135,63
136,63
137,63
138,63
139,63
140,63
141,63
142,63
143,63
144,63
145,63
146,63
147,63
148,63
149,63
150,63
151,63
152,63
153,63
154,63
155,63
156,63
157,63
158,63
159,63
160,63
161,63
162,63
163,63
164,63
165,63
166,63
167,63
168,63
169,63
170,63
171,63
172,63
173,63
174,63
175,63
176,63
177,63
178,63
179,63
180,63
181,63
182,63
183,63
184,63
185,63
186,63
187,63
188,63
189,63
190,63
191,63
192,63
193,63
194,63
195,63
196,63
197,63
198,63
199,63
200,63
201,63
202,63
203,63
204,63
205,63
206,63
207,63
208,63
209,63
210,63
211,63
212,63
213,63
214,63
215,63
216,63
217,63
218,63
219,63
220,63
221,63
222,63
223,63
224,63
225,63
226,63
227,63
228,63
229,63
230,63
231,63
232,63
233,63
234,63
235,63
236,63
237,63
238,63
239,63
240,63
241,63
242,63
243,63
244,63
245,63
246,63
247,63
248,63
249,63
250,63
251,63
252,63
253,63
254,63
255,63
256,63
257,63
258,63
259,63
260,63
261,63
262,63
263,63
264,63
265,63
266,63
267,63
268,63
269,63
270,63
271,63
272,63
273,63
274,63
275,63
276,63
277,63
278,63
279,63
280,63
281,63
282,63
283,63
284,63
285,63
286,63
287,63
288,63
289,63
290,63
291,63
292,63
293,63
294,63
295,63
296,63
297,63
298,63
299,63
300,63
301,63
302,63
303,63
304,63
305,63
306,63
307,63
308,63
309,63
310,63
311,63
312,63
313,63
314,63
315,63
316,63
317,63
318,63
319,63
320,63
321,63
322,63
323,63
324,63
325,63
326,63
327,63
328,63
329,63
330,63
331,63
332,63
333,63
334,63
335,63
336,63
337,63
338,63
339,63
340,63
341,63
342,63
343,63
344,63
345,63
346,63
347,63
348,63
349,63
350,63
351,63
352,63
353,63
354,63
355,63
356,63
357,63
358,63
359,63
360,63
361,63
362,63
363,63
364,63
365,63
366,63
367,63
368,63
369,63
370,63
371,63
372,63
373,63
374,63
375,63
376,63
377,63
378,63
379,63
380,63
381,63
382,63
383,63
384,63
385,63
386,63
387,63
388,63
389,63
390,63
391,63
392,63
393,63
394,63
395,63
396,63
397,63
398,63
399,63
400,63
401,63
402,63
403,63
404,63
405,63
406,63
407,63
408,63
409,63
410,63
411,63
412,63
413,63
414,63
415,63
416,63
417,63
418,63
419,63
420,63
421,63
422,63
423,63
424,63
425,63
426,63
427,63
428,63
429,63
430,63
431,63
432,63
433,63
434,63
435,63
436,63
437,63
438,63
439,63
440,63
441,63
442,63
443,63
444,63
445,63
446,63
447,63
448,63
449,63
450,63
451,63
452,63
453,63
454,63
455,63
456,63
457,63
458,63
459,63
460,63
461,63
462,63
463,63
464,63
465,63
466,63
467,63
468,63
469,63
470,63
471,63
472,63
473,63
474,63
475,63
476,63
477,63
478,63
479,63
480,63
481,63
482,63
483,63
484,63
485,63
486,63
487,63
488,63
489,63
490,63
491,63
492,63
493,63
494,63
495,63
496,63
497,63
498,63
499,63
500,63
501,63
502,63
503,63
504,63
505,63
506,63
507,63
508,63
509,63
510,63
511,63
512,63
513,63
514,63
515,63
516,63
517,63
518,63
519,63
520,63
521,63
522,63
523,63
524,63
525,63
526,63
527,63
528,63
529,63
530,63
531,63
532,63
533,63
534,63
535,63
536,63
537,63
538,63
539,63
540,63
541,63
542,63
543,63
544,63
545,63
546,63
547,63
548,63
549,63
550,63
551,63
552,63
553,63
554,63
555,63
556,63
557,63
558,63
559,63
560,63
561,63
562,63
563,63
564,63
565,63
566,63
567,63
568,63
569,63
570,63
571,63
572,63
573,63
574,63
575,63
576,63
577,63
578,63
579,63
580,63
581,63
582,63
583,63
584,63
585,63
586,63
587,63
588,63
589,63
590,63
591,63
592,63
593,63
594,63
595,63
596,63
597,63
598,63
599,63
600,63
601,63
602,63
603,63
604,63
605,63
606,63
607,63
608,63
609,63
610,63
611,63
612,63
613,63
614,63
615,63
616,63
617,63
618,63
619,63
620,63
621,63
622,63
623,63
624,63
625,63
626,63
627,63
628,63
629,63
630,63
631,63
632,63
633,63
634,63
635,63
636,63
637,63
638,63
639,63
640,63
641,63
642,63
643,63
644,63
645,63
646,63
647,63
648,63
649,63
650,63
651,63
652,63
653,63
654,63
655,63
656,63
657,63
658,63
659,63
660,63
661,63
662,63
663,63
664,63
665,63
666,63
667,63
668,63
669,63
670,63
671,63
672,63
673,63
674,63
675,63
676,63
677,63
678,63
679,63
680,63
681,63
682,63
683,63
684,63
685,63
686,63
687,63
688,63
689,63
690,63
691,63
692,63
693,63
694,63
695,63
696,63
697,63
698,63
699,63
700,63
701,63
702,63
703,63
704,63
705,63
706,63
707,63
708,63
709,63
710,63
711,63
712,63
713,63
714,63
715,63
716,63
717,63
718,63
719,63
720,63
721,63
722,63
723,63
724,63
725,63
726,63
727,63
728,63
729,63
730,63
731,63
732,63
733,63
734,63
735,63
736,63
737,63
738,63
739,63
740,63
741,63
742,63
743,63
744,63
745,63
746,63
747,63
748,63
749,63
750,63
751,63
752,63
753,63
754,63
755,63
756,63
757,63
758,63
759,63
760,63
761,63
762,63
763,63
764,63
765,63
766,63
767,63
768,63
769,63
770,63
771,63
772,63
773,63
774,63
775,63
776,63
777,63
778,63
779,63
780,63
781,63
782,63
783,63
784,63
785,63
786,63
787,63
788,63
789,63
790,63
791,63
792,63
793,63
794,63
795,63
796,63
797,63
798,63
799,63
800,63
801,63
802,63
803,63
804,62
805,62
806,62
807,62
808,62
809,62
810,62
811,62
812,62
813,62
814,62
815,62
816,62
817,62
818,62
819,62
820,62
821,62
822,62
823,62
824,62
825,62
826,62
827,62
828,62
829,62
830,62
831,62
832,62
833,61
834,61
835,61
836,61
837,61
838,61
839,61
840,61
841,61
842,61
843,61
844,61
845,61
846,61
847,61
848,61
849,61
850,61
851,61
852,61
853,61
854,61
855,61
856,61
857,61
858,61
859,61
860,61
861,61
862,61
863,61
864,61
865,61
866,61
867,61
868,61
869,61
870,61
871,61
872,61
873,61
874,61
875,61
876,61
877,61
878,61
879,61
880,61
881,61
882,61
883,61
884,61
885,61
886,61
887,61
888,61
889,61
890,61
891,61
892,61
893,61
894,61
895,61
896,61
897,61
898,61
899,61
900,61
901,61
902,61
903,61
904,61
905,61
906,61
907,61
908,61
909,61
910,61
911,61
912,61
913,61
914,61
915,61
916,61
917,61
918,61
919,61
920,61
921,61
922,61
923,61
924,61
925,61
926,61
927,61
928,61
929,61
930,61
931,61
932,61
933,61
934,61
935,61
936,61
937,61
938,61
939,61
940,61
941,61
942,61
943,61
944,61
945,61
946,61
947,61
948,61
949,61
950,61
951,61
952,61
953,61
954,61
955,61
956,61
957,61
958,61
959,61
960,61
961,61
962,61
963,61
964,61
965,61
966,61
967,61
968,61
969,61
970,61
971,61
972,61
973,61
974,61
975,61
976,61
977,61
978,61
979,61
980,61
981,61
982,61
983,61
984,61
985,61
986,61
987,61
988,61
989,61
990,61
991,61
992,61
993,61
994,61
995,61
996,61
997,61
998,61
999,61
1000,61
1001,61
1002,61
1003,61
1004,61
1005,61
1006,61
1007,61
1008,61
1009,61
1010,61
1011,61
1012,61
1013,61
1014,61
1015,61
1016,61
1017,61
1018,61
1019,61
1020,61
1021,61
1022,61
1023,61
1024,61
1025,61
1026,61
1027,61
1028,61
1029,61
1030,61
1031,61
1032,61
1033,61
1034,61
1035,61
1036,61
1037,61
1038,61
1039,61
1040,61
1041,61
1042,61
1043,61
1044,61
1045,61
1046,61
1047,61
1048,61
1049,61
1050,61
1051,61
1052,61
1053,61
1054,61
1055,61
1056,61
1057,61
1058,61
1059,61
1060,61
1061,61
1062,61
1063,61
1064,61
1065,61
1066,61
1067,61
1068,61
1069,61
1070,61
1071,61
1072,61
1073,61
1074,61
1075,61
1076,61
1077,61
1078,61
1079,61
1080,61
1081,61
1082,61
1083,61
1084,61
1085,61
1086,61
1087,61
1088,61
1089,61
1090,61
1091,61
1092,61
1093,61
1094,61
1095,61
1096,61
1097,61
1098,61
1099,61
1100,61
1101,61
1102,61
1103,61
1104,61
1105,61
1106,61
1107,61
1108,61
1109,61
1110,61
1111,61
1112,61
1113,61
1114,61
1115,61
1116,61
1117,61
1118,61
1119,61
1120,61
1121,61
1122,61
1123,61
1124,61
1125,61
1126,61
1127,61
1128,61
1129,61
1130,61
1131,61
1132,61
1133,61
1134,61
1135,61
1136,61
1137,61
1138,61
1139,61
1140,61
1141,61
1142,61
1143,61
1144,61
1145,61
1146,61
1147,61
1148,61
1149,61
1150,61
1151,61
1152,61
1153,61
1154,61
1155,61
1156,61
1157,61
1158,61
1159,61
1160,61
1161,61
1162,61
1163,61
1164,61
1165,61
1166,61
1167,61
1168,61
1169,61
1170,61
1171,61
1172,61
1173,61
1174,61
1175,61
1176,61
1177,61
1178,61
1179,61
1180,61
1181,61
1182,61
1183,61
1184,61
1185,61
1186,61
1187,61
1188,61
1189,61
1190,61
1191,61
1192,61
1193,61
1194,61
1195,61
1196,61
1197,61
1198,61
1199,61
1200,61
1201,61
1202,61
1203,61
1204,61
1205,61
1206,61
1207,61
1208,61
1209,61
1210,61
1211,61
1212,61
1213,61
1214,61
1215,61
1216,61
1217,61
1218,61
1219,61
1220,61
1221,61
1222,61
1223,61
1224,61
1225,61
1226,61
1227,61
1228,61
1229,61
1230,61
1231,61
1232,61
1233,61
1234,61
1235,61
1236,61
1237,61
1238,61
1239,61
1240,61
1241,61
1242,60
1243,60
1244,60
1245,60
1246,60
1247,60
1248,60
1249,60
1250,60
1251,60
1252,60
1253,60
1254,60
1255,60
1256,60
1257,60
1258,60
1259,60
1260,60
1261,60
1262,60
1263,60
1264,60
1265,60
1266,60
1267,60
1268,60
1269,60
1270,60
1271,60
1272,60
1273,60
1274,60
1275,60
1276,60
1277,60
1278,60
1279,60
1280,60
1281,60
1282,60
1283,60
1284,60
1285,60
1286,60
1287,60
1288,60
1289,60
1290,60
1291,60
1292,60
1293,60
1294,60
1295,60
1296,60
1297,60
1298,60
1299,60
1300,60
1301,60
1302,60
1303,60
1304,60
1305,60
1306,60
1307,60
1308,60
1309,60
1310,60
1311,60
1312,60
1313,60
1314,60
1315,60
1316,60
1317,60
1318,60
1319,60
1320,60
1321,60
1322,60
1323,60
1324,60
1325,60
1326,60
1327,60
1328,60
1329,60
1330,60
1331,60
1332,60
1333,60
1334,60
1335,60
1336,60
1337,60
1338,60
1339,60
1340,60
1341,60
1342,60
1343,60
1344,60
1345,60
1346,60
1347,60
1348,60
1349,60
1350,60
1351,60
1352,60
1353,60
1354,60
1355,60
1356,60
1357,60
1358,60
1359,60
1360,60
1361,60
1362,60
1363,60
1364,60
1365,60
1366,60
1367,60
1368,60
1369,60
1370,60
1371,60
1372,60
1373,60
1374,60
1375,60
1376,60
1377,60
1378,60
1379,60
1380,60
1381,60
1382,60
1383,60
1384,60
1385,60
1386,60
1387,60
1388,60
1389,60
1390,60
1391,60
1392,60
1393,60
1394,60
1395,60
1396,60
1397,60
1398,60
1399,60
1400,60
1401,60
1402,60
1403,60
1404,60
1405,60
1406,60
1407,60
1408,60
1409,60
1410,60
1411,60
1412,60
1413,60
1414,60
1415,60
1416,60
1417,60
1418,60
1419,60
1420,60
1421,60
1422,60
1423,60
1424,60
1425,60
1426,60
1427,60
1428,60
1429,60
1430,60
1431,60
1432,60
1433,60
1434,60
1435,60
1436,60
1437,60
1438,60
1439,60
1440,60
1441,60
1442,60
1443,60
1444,60
1445,60
1446,60
1447,60
1448,60
1449,60
1450,60
1451,60
1452,60
1453,60
1454,60
1455,60
1456,60
1457,60
1458,60
1459,60
1460,60
1461,60
1462,60
1463,60
1464,60
1465,60
1466,60
1467,60
1468,60
1469,60
1470,60
1471,60
1472,60
1473,60
1474,60
1475,60
1476,60
1477,60
1478,60
1479,60
1480,60
1481,60
1482,60
1483,60
1484,60
1485,60
1486,60
1487,60
1488,60
1489,60
1490,60
1491,60
1492,60
1493,60
1494,60
1495,60
1496,60
1497,60
1498,60
1499,60
1500,60
1501,60
1502,60
1503,60
1504,60
1505,60
1506,60
1507,60
1508,60
1509,60
1510,60
1511,60
1512,60
1513,60
1514,60
1515,60
1516,60
1517,60
1518,60
1519,60
1520,60
1521,60
1522,60
1523,60
1524,60
1525,60
1526,60
1527,60
1528,60
1529,60
1530,60
1531,60
1532,60
1533,60
1534,60
1535,60
1536,60
1537,60
1538,60
1539,60
1540,60
1541,60
1542,60
1543,60
1544,60
1545,60
1546,60
1547,60
1548,60
1549,60
1550,60
1551,60
1552,60
1553,60
1554,60
1555,60
1556,60
1557,60
1558,60
1559,60
1560,60
1561,60
1562,60
1563,60
1564,60
1565,60
1566,60
1567,60
1568,60
1569,60
1570,60
1571,60
1572,60
1573,60
1574,60
1575,60
1576,60
1577,60
1578,60
1579,60
1580,60
1581,60
1582,60
1583,60
1584,60
1585,60
1586,60
1587,60
1588,60
1589,60
1590,60
1591,60
1592,60
1593,60
1594,60
1595,60
1596,60
1597,60
1598,60
1599,60
1600,60
1601,60
1602,60
1603,60
1604,60
1605,60
1606,60
1607,60
1608,60
1609,60
1610,60
1611,60
1612,60
1613,60
1614,60
1615,60
1616,60
1617,60
1618,60
1619,60
1620,60
1621,60
1622,60
1623,60
1624,60
1625,60
1626,60
1627,60
1628,60
1629,60
1630,60
1631,60
1632,60
1633,60
1634,60
1635,60
1636,60
1637,60
1638,60
1639,60
1640,60
1641,60
1642,60
1643,60
1644,60
1645,60
1646,60
1647,60
1648,60
1649,60
1650,60
1651,60
1652,60
1653,60
1654,60
1655,60
1656,60
1657,60
1658,60
1659,60
1660,60
1661,60
1662,60
1663,60
1664,60
1665,60
1666,60
1667,60
1668,60
1669,60
1670,60
1671,60
1672,60
1673,60
1674,60
1675,60
1676,60
1677,60
1678,60
1679,60
1680,60
1681,60
1682,60
1683,60
1684,60
1685,60
1686,60
1687,60
1688,60
1689,60
1690,60
1691,60
1692,60
1693,60
1694,60
1695,60
1696,60
1697,60
1698,60
1699,60
1700,60
1701,60
1702,60
1703,60
1704,60
1705,60
1706,60
1707,60
1708,60
1709,60
1710,60
1711,60
1712,60
1713,60
1714,60
1715,60
1716,60
1717,60
1718,60
1719,60
1720,60
1721,60
1722,60
1723,60
1724,60
1725,60
1726,60
1727,60
1728,60
1729,60
1730,60
1731,60
1732,60
1733,60
1734,60
1735,60
1736,60
1737,60
1738,59
1739,59
1740,59
1741,59
1742,59
1743,59
1744,59
1745,59
1746,59
1747,59
1748,59
1749,59
1750,59
1751,59
1752,59
1753,59
1754,59
1755,59
1756,59
1757,59
1758,59
1759,59
1760,59
1761,59
1762,59
1763,59
1764,59
1765,59
1766,59
1767,59
1768,59
1769,59
1770,59
1771,59
1772,59
1773,59
1774,59
1775,59
1776,59
1777,59
1778,59
1779,59
1780,59
1781,59
1782,59
1783,59
1784,59
1785,59
1786,59
1787,59
1788,59
1789,59
1790,59
1791,59
1792,59
1793,59
1794,59
1795,59
1796,59
1797,59
1798,59
1799,59
1800,59
1801,59
1802,59
1803,59
1804,59
1805,59
1806,59
1807,59
1808,59
1809,59
1810,59
1811,59
1812,59
1813,59
1814,59
1815,59
1816,59
1817,59
1818,59
1819,59
1820,59
1821,59
1822,59
1823,59
1824,59
1825,59
1826,59
1827,59
1828,59
1829,59
1830,59
1831,59
1832,59
1833,59
1834,59
1835,59
1836,59
1837,59
1838,59
1839,59
1840,59
1841,59
1842,59
1843,59
1844,59
1845,59
1846,59
1847,59
1848,59
1849,59
1850,59
1851,59
1852,59
1853,59
1854,59
1855,59
1856,59
1857,59
1858,59
1859,59
1860,59
1861,59
1862,59
1863,59
1864,59
1865,59
1866,59
1867,59
1868,59
1869,59
1870,59
1871,59
1872,59
1873,59
1874,59
1875,59
1876,59
1877,59
1878,59
1879,59
1880,59
1881,59
1882,59
1883,59
1884,59
1885,59
1886,59
1887,59
1888,59
1889,59
1890,59
1891,59
1892,59
1893,59
1894,59
1895,59
1896,59
1897,59
1898,59
1899,59
1900,59
1901,59
1902,59
1903,59
1904,59
1905,59
1906,59
1907,59
1908,59
1909,59
1910,59
1911,59
1912,59
1913,59
1914,59
1915,59
1916,59
1917,59
1918,59
1919,59
1920,59
1921,59
1922,59
1923,59
1924,59
1925,59
1926,59
1927,59
1928,59
1929,59
1930,59
1931,59
1932,59
1933,59
1934,59
1935,59
1936,59
1937,59
1938,59
1939,59
1940,59
1941,59
1942,59
1943,59
1944,59
1945,59
1946,59
1947,59
1948,59
1949,59
1950,59
1951,59
1952,59
1953,59
1954,59
1955,59
1956,59
1957,59
1958,59
1959,59
1960,59
1961,59
1962,59
1963,59
1964,59
1965,59
1966,59
1967,59
1968,59
1969,59
1970,59
1971,59
1972,59
1973,59
1974,59
1975,59
1976,59
1977,59
1978,59
1979,59
1980,59
1981,59
1982,59
1983,59
1984,59
1985,59
1986,59
1987,59
1988,59
1989,59
1990,59
1991,59
1992,59
1993,59
1994,59
1995,59
1996,59
1997,59
1998,59
1999,59
2000,59
2001,59
2002,59
2003,59
2004,59
2005,59
2006,59
2007,59
2008,59
2009,59
2010,59
2011,59
2012,59
2013,59
2014,59
2015,59
2016,59
2017,59
2018,59
2019,59
2020,59
2021,59
2022,59
2023,59
2024,59
2025,59
2026,59
2027,59
2028,59
2029,59
2030,59
2031,59
2032,59
2033,59
2034,59
2035,59
2036,59
2037,59
2038,59
2039,59
2040,59
2041,59
2042,59
2043,59
2044,59
2045,59
2046,59
2047,59
2048,59
2049,59
2050,59
2051,59
2052,59
2053,59
2054,59
2055,59
2056,59
2057,59
2058,59
2059,59
2060,59
2061,59
2062,59
2063,59
2064,59
2065,59
2066,59
2067,59
2068,59
2069,59
2070,59
2071,59
2072,59
2073,59
2074,59
2075,59
2076,59
2077,59
2078,59
2079,59
2080,59
2081,59
2082,59
2083,59
2084,59
2085,59
2086,59
2087,59
2088,59
2089,59
2090,59
2091,59
2092,59
2093,59
2094,59
2095,59
2096,59
2097,59
2098,59
2099,59
2100,59
2101,59
2102,59
2103,59
2104,59
2105,59
2106,59
2107,59
2108,59
2109,59
2110,59
2111,59
2112,59
2113,59
2114,59
2115,59
2116,59
2117,59
2118,59
2119,59
2120,59
2121,59
2122,59
2123,59
2124,59
2125,59
2126,59
2127,59
2128,59
2129,59
2130,59
2131,59
2132,59
2133,59
2134,59
2135,59
2136,59
2137,59
2138,59
2139,59
2140,59
2141,59
2142,59
2143,59
2144,59
2145,59
2146,59
2147,59
2148,59
2149,59
2150,59
2151,59
2152,59
2153,59
2154,59
2155,59
2156,59
2157,59
2158,59
2159,59
2160,59
2161,59
2162,59
2163,59
2164,59
2165,59
2166,59
2167,59
2168,59
2169,59
2170,59
2171,59
2172,59
2173,59
2174,59
2175,59
2176,59
2177,59
2178,59
2179,59
2180,59
2181,59
2182,59
2183,59
2184,59
2185,59
2186,59
2187,59
2188,59
2189,59
2190,59
2191,59
2192,59
2193,59
2194,59
2195,59
2196,59
2197,59
2198,59
2199,59
2200,59
2201,59
2202,59
2203,59
2204,59
2205,59
2206,59
2207,59
2208,59
2209,59
2210,59
2211,59
2212,59
2213,59
2214,59
2215,59
2216,59
2217,59
2218,59
2219,59
2220,59
2221,59
2222,59
2223,59
2224,59
2225,59
2226,59
2227,59
2228,59
2229,59
2230,59
2231,59
2232,59
2233,59
2234,59
2235,59
2236,59
2237,59
2238,59
2239,59
2240,59
2241,59
2242,59
2243,59
2244,59
2245,59
2246,59
2247,59
2248,59
2249,59
2250,59
2251,59
2252,59
2253,59
2254,59
2255,59
2256,59
2257,59
2258,59
2259,59
2260,59
2261,59
2262,59
2263,59
2264,59
2265,59
2266,59
2267,59
2268,59
2269,59
2270,59
2271,59
2272,59
2273,59
2274,59
2275,59
2276,59
2277,59
2278,59
2279,59
2280,59
2281,59
2282,59
2283,59
2284,59
2285,59
2286,59
2287,59
2288,59
2289,59
2290,59
2291,59
2292,59
2293,59
2294,59
2295,59
2296,59
2297,59
2298,59
2299,59
2300,59
2301,59
2302,59
2303,59
2304,59
2305,59
2306,59
2307,59
2308,59
2309,59
2310,59
2311,59
2312,59
2313,59
2314,59
2315,59
2316,59
2317,59
2318,59
2319,59
2320,59
2321,59
2322,59
2323,59
2324,59
2325,59
2326,59
2327,59
2328,59
2329,59
2330,59
2331,59
2332,59
2333,59
2334,59
2335,59
2336,59
2337,59
2338,59
2339,59
2340,59
2341,59
2342,59
2343,59
2344,59
2345,59
2346,59
2347,59
2348,59
2349,59
2350,59
2351,59
2352,59
2353,59
2354,59
2355,59
2356,59
2357,59
2358,59
2359,59
2360,59
2361,59
2362,59
2363,59
2364,59
2365,59
2366,59
2367,59
2368,59
2369,59
2370,59
2371,59
2372,59
2373,59
2374,59
2375,59
2376,59
2377,59
2378,59
2379,59
2380,59
2381,59
2382,59
2383,59
2384,59
2385,59
2386,59
2387,59
2388,59
2389,59
2390,59
2391,59
2392,59
2393,59
2394,59
2395,59
2396,59
2397,59
2398,59
2399,59
2400,59
2401,59
2402,59
2403,59
2404,59
2405,59
2406,59
2407,59
2408,59
2409,59
2410,59
2411,59
2412,59
2413,59
2414,59
2415,59
2416,59
2417,59
2418,59
2419,59
2420,59
2421,59
2422,59
2423,59
2424,59
2425,59
2426,59
2427,59
2428,59
2429,59
2430,59
2431,59
2432,59
2433,59
2434,59
2435,59
2436,59
2437,59
2438,59
2439,59
2440,59
2441,59
2442,59
2443,59
2444,59
2445,59
2446,59
2447,59
2448,59
2449,59
2450,59
2451,59
2452,59
2453,59
2454,59
2455,59
2456,59
2457,59
2458,59
2459,59
2460,59
2461,59
2462,59
2463,59
2464,59
2465,59
2466,59
2467,59
2468,59
2469,59
2470,59
2471,59
2472,59
2473,59
2474,59
2475,59
2476,59
2477,59
2478,59
2479,59
2480,59
2481,59
2482,59
2483,59
2484,59
2485,59
2486,59
2487,59
2488,59
2489,59
2490,59
2491,59
2492,59
2493,59
2494,59
2495,59
2496,59
2497,59
2498,59
2499,59
2500,59
2501,59
2502,59
2503,59
2504,59
2505,59
2506,59
2507,59
2508,59
2509,59
2510,59
2511,59
2512,59
2513,59
2514,59
2515,59
2516,59
2517,59
2518,59
2519,59
2520,59
2521,59
2522,59
2523,59
2524,59
2525,59
2526,59
2527,59
2528,59
2529,59
2530,59
2531,59
2532,59
2533,59
2534,59
2535,59
2536,59
2537,59
2538,59
2539,59
2540,59
2541,59
2542,59
2543,59
2544,59
2545,59
2546,59
2547,59
2548,59
2549,59
2550,59
2551,59
2552,59
2553,59
2554,59
2555,59
2556,59
2557,59
2558,59
2559,59
2560,59
2561,59
2562,59
2563,59
2564,59
2565,59
2566,59
2567,59
2568,59
2569,59
2570,59
2571,59
2572,59
2573,59
2574,59
2575,59
2576,59
2577,59
2578,59
2579,59
2580,59
2581,59
2582,59
2583,59
2584,59
2585,59
2586,59
2587,59
2588,59
2589,59
2590,59
2591,59
2592,59
2593,59
2594,59
2595,59
2596,59
2597,59
2598,59
2599,59
2600,59
2601,59
2602,59
2603,59
2604,59
2605,59
2606,59
2607,59
2608,59
2609,59
2610,59
2611,59
2612,59
2613,59
2614,59
2615,59
2616,59
2617,59
2618,59
2619,59
2620,59
2621,59
2622,59
2623,59
2624,59
2625,59
2626,59
2627,59
2628,59
2629,59
2630,59
2631,59
2632,59
2633,59
2634,59
2635,59
2636,59
2637,59
2638,59
2639,59
2640,59
2641,59
2642,59
2643,59
2644,59
2645,59
2646,59
2647,59
2648,59
2649,59
2650,59
2651,59
2652,59
2653,59
2654,59
2655,59
2656,59
2657,59
2658,59
2659,59
2660,59
2661,59
2662,59
2663,59
2664,59
2665,59
2666,59
2667,59
2668,59
2669,59
2670,59
2671,59
2672,59
2673,59
2674,59
2675,59
2676,59
2677,59
2678,59
2679,59
2680,59
2681,59
2682,59
2683,59
2684,59
2685,59
2686,59
2687,59
2688,59
2689,59
2690,59
2691,59
2692,59
2693,59
2694,59
2695,59
2696,59
2697,59
2698,59
2699,59
2700,59
2701,59
2702,59
2703,59
2704,59
2705,59
2706,59
2707,59
2708,59
2709,59
2710,59
2711,59
2712,59
2713,59
2714,59
2715,59
2716,59
2717,59
2718,59
2719,59
2720,59
2721,59
2722,59
2723,59
2724,59
2725,59
2726,59
2727,59
2728,59
2729,59
2730,59
2731,59
2732,59
2733,59
2734,59
2735,59
2736,59
2737,59
2738,59
2739,59
2740,59
2741,59
2742,59
2743,59
2744,59
2745,59
2746,59
2747,59
2748,59
2749,59
2750,59
2751,59
2752,59
2753,59
2754,59
2755,59
2756,59
2757,59
2758,59
2759,59
2760,59
2761,59
2762,59
2763,59
2764,59
2765,59
2766,59
2767,59
2768,59
2769,59
2770,59
2771,59
2772,59
2773,59
2774,59
2775,59
2776,59
2777,59
2778,59
2779,59
2780,59
2781,59
2782,59
2783,59
2784,59
2785,59
2786,59
2787,59
2788,59
2789,59
2790,59
2791,59
2792,59
2793,59
2794,59
2795,59
2796,59
2797,59
2798,59
2799,59
2800,59
2801,59
2802,59
2803,59
2804,59
2805,59
2806,59
2807,59
2808,59
2809,59
2810,59
2811,59
2812,59
2813,59
2814,59
2815,59
2816,59
2817,59
2818,59
2819,59
2820,59
2821,59
2822,59
2823,59
2824,59
2825,59
2826,59
2827,59
2828,59
2829,59
2830,59
2831,59
2832,59
2833,59
2834,59
2835,59
2836,59
2837,59
2838,59
2839,59
2840,59
2841,59
2842,59
2843,59
2844,59
2845,59
2846,59
2847,59
2848,59
2849,59
2850,59
2851,59
2852,59
2853,59
2854,59
2855,59
2856,59
2857,59
2858,59
2859,59
2860,59
2861,59
2862,59
2863,59
2864,59
2865,59
2866,59
2867,59
2868,59
2869,59
2870,59
2871,59
2872,59
2873,59
2874,59
2875,59
2876,59
2877,59
2878,58
2879,58
2880,58
2881,58
2882,58
2883,58
2884,58
2885,58
2886,58
2887,58
2888,58
2889,58
2890,58
2891,58
2892,58
2893,58
2894,58
2895,58
2896,58
2897,58
2898,58
2899,58
2900,58
2901,58
2902,58
2903,58
2904,58
2905,58
2906,58
2907,58
2908,58
2909,58
2910,58
2911,58
2912,58
2913,58
2914,58
2915,58
2916,58
2917,58
2918,58
2919,58
2920,58
2921,58
2922,58
2923,58
2924,58
2925,58
2926,58
2927,58
2928,58
2929,58
2930,58
2931,58
2932,58
2933,58
2934,58
2935,58
2936,58
2937,58
2938,58
2939,58
2940,58
2941,58
2942,58
2943,58
2944,58
2945,58
2946,58
2947,58
2948,58
2949,58
2950,58
2951,58
2952,58
2953,58
2954,58
2955,58
2956,58
2957,58
2958,58
2959,58
2960,58
2961,58
2962,58
2963,58
2964,58
2965,58
2966,58
2967,58
2968,58
2969,58
2970,58
2971,58
2972,58
2973,58
2974,58
2975,58
2976,58
2977,58
2978,58
2979,58
2980,58
2981,58
2982,58
2983,58
2984,58
2985,58
2986,58
2987,58
2988,58
2989,58
2990,58
2991,58
2992,58
2993,58
2994,58
2995,58
2996,58
2997,58
2998,58
2999,58
3000,58
3001,58
3002,58
3003,58
3004,58
3005,58
3006,58
3007,58
3008,58
3009,58
3010,58
3011,58
3012,58
3013,58
3014,58
3015,58
3016,58
3017,58
3018,58
3019,58
3020,58
3021,58
3022,58
3023,58
3024,58
3025,58
3026,58
3027,58
3028,58
3029,58
3030,58
3031,58
3032,58
3033,58
3034,58
3035,58
3036,58
3037,58
3038,58
3039,58
3040,58
3041,58
3042,58
3043,58
3044,58
3045,58
3046,58
3047,58
3048,58
3049,58
3050,58
3051,58
3052,58
3053,58
3054,58
3055,58
3056,58
3057,58
3058,58
3059,58
3060,58
3061,58
3062,58
3063,58
3064,58
3065,58
3066,58
3067,58
3068,58
3069,58
3070,58
3071,58
3072,58
3073,58
3074,58
3075,58
3076,58
3077,58
3078,58
3079,58
3080,58
3081,58
3082,58
3083,58
3084,58
3085,58
3086,58
3087,58
3088,58
3089,58
3090,58
3091,58
3092,58
3093,58
3094,58
3095,58
3096,58
3097,58
3098,58
3099,58
3100,58
3101,58
3102,58
3103,58
3104,58
3105,58
3106,58
3107,58
3108,58
3109,58
3110,58
3111,58
3112,58
3113,58
3114,58
3115,58
3116,58
3117,58
3118,58
3119,58
3120,58
3121,58
3122,58
3123,58
3124,58
3125,58
3126,58
3127,58
3128,58
3129,58
3130,58
3131,58
3132,58
3133,58
3134,58
3135,58
3136,58
3137,58
3138,58
3139,58
3140,58
3141,58
3142,58
3143,58
3144,58
3145,58
3146,58
3147,58
3148,58
3149,58
3150,58
3151,58
3152,58
3153,58
3154,58
3155,58
3156,58
3157,58
3158,58
3159,58
3160,58
3161,58
3162,58
3163,58
3164,58
3165,58
3166,58
3167,58
3168,58
3169,58
3170,58
3171,58
3172,58
3173,58
3174,58
3175,58
3176,58
3177,58
3178,58
3179,58
3180,58
3181,58
3182,58
3183,58
3184,58
3185,58
3186,58
3187,58
3188,58
3189,58
3190,58
3191,58
3192,58
3193,58
3194,58
3195,58
3196,58
3197,58
3198,58
3199,58
3200,58
3201,58
3202,58
3203,58
3204,58
3205,58
3206,58
3207,58
3208,58
3209,58
3210,58
3211,58
3212,58
3213,58
3214,58
3215,58
3216,58
3217,58
3218,58
3219,58
3220,58
3221,58
3222,58
3223,58
3224,58
3225,58
3226,58
3227,58
3228,58
3229,58
3230,58
3231,58
3232,58
3233,58
3234,58
3235,58
3236,58
3237,58
3238,58
3239,58
3240,58
3241,58
3242,58
3243,58
3244,58
3245,58
3246,58
3247,58
3248,58
3249,58
3250,58
3251,58
3252,58
3253,58
3254,58
3255,58
3256,58
3257,58
3258,58
3259,58
3260,58
3261,58
3262,58
3263,58
3264,58
3265,58
3266,58
3267,58
3268,58
3269,58
3270,58
3271,58
3272,58
3273,58
3274,58
3275,58
3276,58
3277,58
3278,58
3279,58
3280,58
3281,58
3282,58
3283,58
3284,58
3285,58
3286,58
3287,58
3288,58
3289,58
3290,58
3291,58
3292,58
3293,58
3294,58
3295,58
3296,58
3297,58
3298,58
3299,58
3300,58
3301,58
3302,58
3303,58
3304,58
3305,58
3306,58
3307,58
3308,58
3309,58
3310,58
3311,58
3312,58
3313,58
3314,58
3315,58
3316,58
3317,58
3318,58
3319,58
3320,58
3321,58
3322,58
3323,58
3324,58
3325,58
3326,58
3327,58
3328,58
3329,58
3330,58
3331,58
3332,58
3333,58
3334,58
3335,58
3336,58
3337,58
3338,58
3339,58
3340,58
3341,58
3342,58
3343,58
3344,58
3345,58
3346,58
3347,58
3348,58
3349,58
3350,58
3351,58
3352,58
3353,58
3354,58
3355,58
3356,58
3357,58
3358,58
3359,58
3360,58
3361,58
3362,58
3363,58
3364,58
3365,58
3366,58
3367,58
3368,58
3369,58
3370,58
3371,58
3372,58
3373,58
3374,58
3375,58
3376,58
3377,58
3378,58
3379,58
3380,58
3381,58
3382,58
3383,58
3384,58
3385,58
3386,58
3387,58
3388,58
3389,58
3390,58
3391,58
3392,58
3393,58
3394,58
3395,58
3396,58
3397,58
3398,58
3399,58
3400,58
3401,58
3402,58
3403,58
3404,58
3405,58
3406,58
3407,58
3408,58
3409,58
3410,58
3411,58
3412,58
3413,58
3414,58
3415,58
3416,58
3417,58
3418,58
3419,58
3420,58
3421,58
3422,58
3423,58
3424,58
3425,58
3426,58
3427,58
3428,58
3429,58
3430,58
3431,58
3432,58
3433,58
3434,58
3435,58
3436,58
3437,58
3438,58
3439,58
3440,58
3441,58
3442,58
3443,58
3444,58
3445,58
3446,58
3447,58
3448,58
3449,58
3450,58
3451,58
3452,58
3453,58
3454,58
3455,58
3456,58
3457,58
3458,58
3459,58
3460,58
3461,58
3462,58
3463,58
3464,58
3465,58
3466,58
3467,58
3468,58
3469,58
3470,58
3471,58
3472,58
3473,58
3474,58
3475,58
3476,58
3477,58
3478,58
3479,58
3480,58
3481,58
3482,58
3483,58
3484,58
3485,58
3486,58
3487,58
3488,58
3489,58
3490,58
3491,58
3492,58
3493,58
3494,58
3495,58
3496,58
3497,58
3498,58
3499,58
3500,58
3501,58
3502,58
3503,58
3504,58
3505,58
3506,58
3507,58
3508,58
3509,58
3510,58
3511,58
3512,58
3513,58
3514,58
3515,58
3516,58
3517,58
3518,58
3519,58
3520,58
3521,58
3522,58
3523,58
3524,58
3525,58
3526,58
3527,58
3528,58
3529,58
3530,58
3531,58
3532,58
3533,58
3534,58
3535,58
3536,58
3537,58
3538,58
3539,58
3540,58
3541,58
3542,58
3543,58
3544,58
3545,58
3546,58
3547,58
3548,58
3549,58
3550,58
3551,58
3552,58
3553,58
3554,58
3555,58
3556,58
3557,58
3558,58
3559,58
3560,58
3561,58
3562,58
3563,58
3564,58
3565,58
3566,58
3567,58
3568,58
3569,58
3570,58
3571,58
3572,58
3573,58
3574,58
3575,58
3576,58
3577,58
3578,58
3579,58
3580,58
3581,58
3582,58
3583,58
3584,58
3585,58
3586,58
3587,58
3588,58
3589,58
3590,58
3591,58
3592,58
3593,58
3594,58
3595,58
3596,58
3597,58
3598,58
3599,58
3600,58
3601,58
3602,58
3603,58
3604,58
3605,58
3606,58
3607,58
3608,58
3609,58
3610,58
3611,58
3612,58
3613,58
3614,58
3615,58
3616,58
3617,58
3618,58
3619,58
3620,58
3621,58
3622,58
3623,58
3624,58
3625,58
3626,58
3627,58
3628,58
3629,58
3630,58
3631,58
3632,58
3633,58
3634,58
3635,58
3636,58
3637,58
3638,58
3639,58
3640,58
3641,58
3642,58
3643,58
3644,58
3645,58
3646,58
3647,58
3648,58
3649,58
3650,58
3651,58
3652,58
3653,58
3654,58
3655,58
3656,58
3657,58
3658,58
3659,58
3660,58
3661,58
3662,58
3663,58
3664,58
3665,58
3666,58
3667,58
3668,58
3669,58
3670,58
3671,58
3672,58
3673,58
3674,58
3675,58
3676,58
3677,58
3678,58
3679,58
3680,58
3681,58
3682,58
3683,58
3684,58
3685,58
3686,58
3687,58
3688,58
3689,58
3690,58
3691,58
3692,58
3693,58
3694,58
3695,58
3696,58
3697,58
3698,58
3699,58
3700,58
3701,58
3702,58
3703,58
3704,58
3705,58
3706,58
3707,58
3708,58
3709,58
3710,58
3711,58
3712,58
3713,58
3714,58
3715,58
3716,58
3717,58
3718,58
3719,58
3720,58
3721,58
3722,58
3723,58
3724,58
3725,58
3726,58
3727,58
3728,58
3729,58
3730,58
3731,58
3732,58
3733,58
3734,58
3735,58
3736,58
3737,58
3738,58
3739,58
3740,58
3741,58
3742,58
3743,58
3744,58
3745,58
3746,58
3747,58
3748,58
3749,58
3750,58
3751,58
3752,58
3753,58
3754,58
3755,58
3756,58
3757,58
3758,58
3759,58
3760,58
3761,58
3762,58
3763,58
3764,58
3765,58
3766,58
3767,58
3768,58
3769,58
3770,58
3771,58
3772,58
3773,58
3774,58
3775,58
3776,58
3777,58
3778,58
3779,58
3780,58
3781,58
3782,58
3783,58
3784,58
3785,58
3786,58
3787,58
3788,58
3789,58
3790,58
3791,58
3792,58
3793,58
3794,58
3795,58
3796,58
3797,58
3798,58
3799,58
3800,58
3801,58
3802,58
3803,58
3804,58
3805,58
3806,58
3807,58
3808,58
3809,58
3810,58
3811,58
3812,58
3813,58
3814,58
3815,58
3816,58
3817,58
3818,58
3819,58
3820,58
3821,58
3822,58
3823,58
3824,58
3825,58
3826,58
3827,58
3828,58
3829,58
3830,58
3831,58
3832,58
3833,58
3834,58
3835,58
3836,58
3837,58
3838,58
3839,58
3840,58
3841,58
3842,58
3843,58
3844,58
3845,58
3846,58
3847,58
3848,58
3849,58
3850,58
3851,58
3852,58
3853,58
3854,58
3855,58
3856,58
3857,58
3858,58
3859,58
3860,58
3861,58
3862,58
3863,58
3864,58
3865,58
3866,58
3867,58
3868,58
3869,58
3870,58
3871,58
3872,58
3873,58
3874,58
3875,58
3876,58
3877,58
3878,58
3879,58
3880,58
3881,58
3882,58
3883,58
3884,58
3885,58
3886,58
3887,58
3888,58
3889,58
3890,58
3891,58
3892,58
3893,58
3894,58
3895,58
3896,58
3897,58
3898,58
3899,58
3900,58
3901,58
3902,58
3903,58
3904,58
3905,58
3906,58
3907,58
3908,58
3909,58
3910,58
3911,58
3912,58
3913,58
3914,58
3915,58
3916,58
3917,58
3918,58
3919,58
3920,58
3921,58
3922,58
3923,58
3924,58
3925,58
3926,58
3927,58
3928,58
3929,58
3930,58
3931,58
3932,58
3933,58
3934,58
3935,58
3936,58
3937,58
3938,58
3939,58
3940,58
3941,58
3942,58
3943,58
3944,58
3945,58
3946,58
3947,58
3948,58
3949,58
3950,58
3951,58
3952,58
3953,58
3954,58
3955,58
3956,58
3957,58
3958,58
3959,58
3960,58
3961,58
3962,58
3963,58
3964,58
3965,58
3966,58
3967,58
3968,58
3969,58
3970,58
3971,58
3972,58
3973,58
3974,58
3975,58
3976,58
3977,58
3978,58
3979,58
3980,58
3981,58
3982,58
3983,58
3984,58
3985,58
3986,58
3987,58
3988,58
3989,58
3990,58
3991,58
3992,58
3993,58
3994,58
3995,58
3996,58
3997,58
3998,58
3999,58
4000,58
4001,58
4002,58
4003,58
4004,58
4005,58
4006,58
4007,58
4008,58
4009,58
4010,58
4011,58
4012,58
4013,58
4014,58
4015,58
4016,58
4017,58
4018,58
4019,58
4020,58
4021,58
4022,58
4023,58
4024,58
4025,58
4026,58
4027,58
4028,58
4029,58
4030,58
4031,58
4032,58
4033,58
4034,58
4035,58
4036,58
4037,58
4038,58
4039,58
4040,58
4041,58
4042,58
4043,58
4044,58
4045,58
4046,58
4047,58
4048,58
4049,58
4050,58
4051,58
4052,58
4053,58
4054,58
4055,58
4056,58
4057,58
4058,58
4059,58
4060,58
4061,58
4062,58
4063,58
4064,58
4065,58
4066,58
4067,58
4068,58
4069,58
4070,58
4071,58
4072,58
4073,58
4074,58
4075,58
4076,58
4077,58
4078,58
4079,58
4080,58
4081,58
4082,58
4083,58
4084,58
4085,58
4086,58
4087,58
4088,58
4089,58
4090,58
4091,58
4092,58
4093,58
4094,58
4095,58
4096,58
4097,58
4098,58
4099,58
4100,58
4101,58
4102,58
4103,58
4104,58
4105,58
4106,58
4107,58
4108,58
4109,58
4110,58
4111,58
4112,58
4113,58
4114,58
4115,58
4116,58
4117,58
4118,58
4119,58
4120,58
4121,58
4122,58
4123,58
4124,58
4125,58
4126,58
4127,58
4128,58
4129,58
4130,58
4131,58
4132,58
4133,58
4134,58
4135,58
4136,58
4137,58
4138,58
4139,58
4140,58
4141,58
4142,58
4143,58
4144,58
4145,58
4146,58
4147,58
4148,58
4149,58
4150,58
4151,58
4152,58
4153,58
4154,58
4155,58
4156,58
4157,58
4158,58
4159,58
4160,58
4161,58
4162,58
4163,58
4164,58
4165,58
4166,58
4167,58
4168,58
4169,58
4170,58
4171,58
4172,58
4173,58
4174,58
4175,58
4176,58
4177,58
4178,58
4179,58
4180,58
4181,58
4182,58
4183,58
4184,58
4185,58
4186,58
4187,58
4188,58
4189,58
4190,58
4191,58
4192,58
4193,58
4194,58
4195,58
4196,58
4197,58
4198,58
4199,58
4200,58
4201,58
4202,58
4203,58
4204,58
4205,58
4206,58
4207,58
4208,58
4209,58
4210,58
4211,58
4212,58
4213,58
4214,58
4215,58
4216,58
4217,58
4218,58
4219,58
4220,58
4221,58
4222,58
4223,58
4224,58
4225,58
4226,58
4227,58
4228,58
4229,58
4230,58
4231,58
4232,58
4233,58
4234,58
4235,58
4236,58
4237,58
4238,58
4239,58
4240,58
4241,58
4242,58
4243,58
4244,58
4245,58
4246,58
4247,58
4248,58
4249,58
4250,58
4251,58
4252,58
4253,58
4254,58
4255,58
4256,58
4257,58
4258,58
4259,58
4260,58
4261,58
4262,58
4263,58
4264,58
4265,58
4266,58
4267,58
4268,58
4269,58
4270,58
4271,58
4272,58
4273,58
4274,58
4275,58
4276,58
4277,58
4278,58
4279,58
4280,58
4281,58
4282,58
4283,58
4284,58
4285,58
4286,58
4287,58
4288,58
4289,58
4290,58
4291,58
4292,58
4293,58
4294,58
4295,58
4296,58
4297,58
4298,58
4299,58
4300,58
4301,58
4302,58
4303,58
4304,58
4305,58
4306,58
4307,58
4308,58
4309,58
4310,58
4311,58
4312,58
4313,58
4314,58
4315,58
4316,58
4317,58
4318,58
4319,58
4320,58
4321,58
4322,58
4323,58
4324,58
4325,58
4326,58
4327,58
4328,58
4329,58
4330,58
4331,58
4332,58
4333,58
4334,58
4335,58
4336,58
4337,58
4338,58
4339,58
4340,58
4341,58
4342,58
4343,58
4344,58
4345,58
4346,58
4347,58
4348,58
4349,58
4350,58
4351,58
4352,58
4353,58
4354,58
4355,58
4356,58
4357,58
4358,58
4359,58
4360,58
4361,58
4362,58
4363,58
4364,58
4365,58
4366,58
4367,58
4368,58
4369,58
4370,58
4371,58
4372,58
4373,58
4374,58
4375,58
4376,58
4377,58
4378,58
4379,58
4380,58
4381,58
4382,58
4383,58
4384,58
4385,58
4386,58
4387,58
4388,58
4389,58
4390,58
4391,58
4392,58
4393,58
4394,58
4395,58
4396,58
4397,58
4398,58
4399,58
4400,58
4401,58
4402,58
4403,58
4404,58
4405,58
4406,58
4407,58
4408,58
4409,58
4410,58
4411,58
4412,58
4413,58
4414,58
4415,58
4416,58
4417,58
4418,58
4419,58
4420,58
4421,58
4422,58
4423,58
4424,58
4425,58
4426,58
4427,58
4428,58
4429,58
4430,58
4431,58
4432,58
4433,58
4434,58
4435,58
4436,58
4437,58
4438,58
4439,58
4440,58
4441,58
4442,58
4443,58
4444,58
4445,58
4446,58
4447,58
4448,58
4449,58
4450,58
4451,58
4452,58
4453,58
4454,58
4455,58
4456,58
4457,58
4458,58
4459,58
4460,58
4461,58
4462,58
4463,58
4464,58
4465,58
4466,58
4467,58
4468,58
4469,58
4470,58
4471,58
4472,58
4473,58
4474,58
4475,58
4476,58
4477,58
4478,58
4479,58
4480,58
4481,58
4482,58
4483,58
4484,58
4485,58
4486,58
4487,58
4488,58
4489,58
4490,58
4491,58
4492,58
4493,58
4494,58
4495,58
4496,58
4497,58
4498,58
4499,58
4500,58
4501,58
4502,58
4503,58
4504,58
4505,58
4506,58
4507,58
4508,58
4509,58
4510,58
4511,58
4512,58
4513,58
4514,58
4515,58
4516,58
4517,58
4518,58
4519,58
4520,58
4521,58
4522,58
4523,58
4524,58
4525,58
4526,58
4527,58
4528,58
4529,58
4530,58
4531,58
4532,58
4533,58
4534,58
4535,58
4536,58
4537,58
4538,58
4539,58
4540,58
4541,58
4542,58
4543,58
4544,58
4545,58
4546,58
4547,58
4548,58
4549,58
4550,58
4551,58
4552,58
4553,58
4554,58
4555,58
4556,58
4557,58
4558,58
4559,58
4560,58
4561,58
4562,58
4563,58
4564,58
4565,58
4566,58
4567,58
4568,58
4569,58
4570,58
4571,58
4572,58
4573,58
4574,58
4575,58
4576,58
4577,58
4578,58
4579,58
4580,58
4581,58
4582,58
4583,58
4584,58
4585,58
4586,58
4587,58
4588,58
4589,58
4590,58
4591,58
4592,58
4593,58
4594,58
4595,58
4596,58
4597,58
4598,58
4599,58
4600,58
4601,58
4602,58
4603,58
4604,58
4605,58
4606,58
4607,58
4608,58
4609,58
4610,58
4611,58
4612,58
4613,58
4614,58
4615,58
4616,58
4617,58
4618,58
4619,58
4620,58
4621,58
4622,58
4623,58
4624,58
4625,58
4626,58
4627,58
4628,58
4629,58
4630,58
4631,58
4632,58
4633,58
4634,58
4635,58
4636,58
4637,58
4638,58
4639,58
4640,58
4641,58
4642,58
4643,58
4644,58
4645,58
4646,58
4647,58
4648,58
4649,58
4650,58
4651,58
4652,58
4653,58
4654,58
4655,58
4656,58
4657,58
4658,58
4659,58
4660,58
4661,58
4662,58
4663,58
4664,58
4665,58
4666,58
4667,58
4668,58
4669,58
4670,58
4671,58
4672,58
4673,58
4674,58
4675,58
4676,58
4677,58
4678,58
4679,58
4680,58
4681,58
4682,58
4683,58
4684,58
4685,58
4686,58
4687,58
4688,58
4689,58
4690,58
4691,58
4692,58
4693,58
4694,58
4695,58
4696,58
4697,58
4698,58
4699,58
4700,58
4701,58
4702,58
4703,58
4704,58
4705,58
4706,58
4707,58
4708,58
4709,58
4710,58
4711,58
4712,58
4713,58
4714,58
4715,58
4716,58
4717,58
4718,58
4719,58
4720,58
4721,58
4722,58
4723,58
4724,58
4725,58
4726,58
4727,58
4728,58
4729,58
4730,58
4731,58
4732,58
4733,58
4734,58
4735,58
4736,58
4737,58
4738,58
4739,58
4740,58
4741,58
4742,58
4743,58
4744,58
4745,58
4746,58
4747,58
4748,58
4749,58
4750,58
4751,58
4752,58
4753,58
4754,58
4755,58
4756,58
4757,58
4758,58
4759,58
4760,58
4761,58
4762,58
4763,58
4764,58
4765,58
4766,58
4767,58
4768,58
4769,58
4770,58
4771,58
4772,58
4773,58
4774,58
4775,58
4776,58
4777,58
4778,58
4779,58
4780,58
4781,58
4782,58
4783,58
4784,58
4785,58
4786,58
4787,58
4788,58
4789,58
4790,58
4791,58
4792,58
4793,58
4794,58
4795,58
4796,58
4797,58
4798,58
4799,58
4800,58
4801,58
4802,58
4803,58
4804,58
4805,58
4806,58
4807,58
4808,58
4809,58
4810,58
4811,58
4812,58
4813,58
4814,58
4815,58
4816,58
4817,58
4818,58
4819,58
4820,58
4821,58
4822,58
4823,58
4824,58
4825,58
4826,58
4827,58
4828,58
4829,58
4830,58
4831,58
4832,58
4833,58
4834,58
4835,58
4836,58
4837,58
4838,58
4839,58
4840,58
4841,58
4842,58
4843,58
4844,58
4845,58
4846,58
4847,58
4848,58
4849,58
4850,58
4851,58
4852,58
4853,58
4854,58
4855,58
4856,58
4857,58
4858,58
4859,58
4860,58
4861,58
4862,58
4863,58
4864,58
4865,58
4866,58
4867,58
4868,58
4869,58
4870,58
4871,58
4872,58
4873,58
4874,58
4875,58
4876,58
4877,58
4878,58
4879,58
4880,58
4881,58
4882,58
4883,58
4884,58
4885,58
4886,58
4887,58
4888,58
4889,58
4890,58
4891,58
4892,58
4893,58
4894,58
4895,58
4896,58
4897,58
4898,58
4899,58
4900,58
4901,58
4902,58
4903,58
4904,58
4905,58
4906,58
4907,58
4908,58
4909,58
4910,58
4911,58
4912,58
4913,58
4914,58
4915,58
4916,58
4917,58
4918,58
4919,58
4920,58
4921,58
4922,58
4923,58
4924,58
4925,58
4926,58
4927,58
4928,58
4929,58
4930,58
4931,58
4932,58
4933,58
4934,58
4935,58
4936,58
4937,58
4938,58
4939,58
4940,58
4941,58
4942,58
4943,58
4944,58
4945,58
4946,58
4947,58
4948,58
4949,58
4950,58
4951,58
4952,58
4953,58
4954,58
4955,58
4956,58
4957,58
4958,58
4959,58
4960,58
4961,58
4962,58
4963,58
4964,58
4965,58
4966,58
4967,58
4968,58
4969,58
4970,58
4971,58
4972,58
4973,58
4974,58
4975,58
4976,58
4977,58
4978,58
4979,58
4980,58
4981,58
4982,58
4983,58
4984,58
4985,58
4986,58
4987,58
4988,58
4989,58
4990,58
4991,58
4992,58
4993,58
4994,58
4995,58
4996,58
4997,58
4998,58
4999,58
5000,58
5001,58
5002,58
5003,58
5004,58
5005,58
5006,58
5007,58
5008,58
5009,58
5010,58
5011,58
5012,58
5013,58
5014,58
5015,58
5016,58
5017,58
5018,58
5019,58
5020,58
5021,58
5022,58
5023,58
5024,58
5025,58
5026,58
5027,58
5028,58
5029,58
5030,58
5031,58
5032,58
5033,58
5034,58
5035,58
5036,58
5037,58
5038,58
5039,58
5040,58
5041,58
5042,58
5043,58
5044,58
5045,58
5046,58
5047,58
5048,58
5049,58
5050,58
5051,58
5052,58
5053,58
5054,58
5055,58
5056,58
5057,58
5058,58
5059,58
5060,58
5061,58
5062,58
5063,58
5064,58
5065,58
5066,58
5067,58
5068,58
5069,58
5070,58
5071,58
5072,58
5073,58
5074,58
5075,58
5076,58
5077,58
5078,58
5079,58
5080,58
5081,58
5082,58
5083,58
5084,58
5085,58
5086,58
5087,58
5088,58
5089,58
5090,58
5091,58
5092,58
5093,58
5094,58
5095,58
5096,58
5097,58
5098,58
5099,58
5100,58
5101,58
5102,58
5103,58
5104,58
5105,58
5106,58
5107,58
5108,58
5109,58
5110,58
5111,58
5112,58
5113,58
5114,58
5115,58
5116,58
5117,58
5118,58
5119,58
5120,58
5121,58
5122,58
5123,58
5124,58
5125,58
5126,58
5127,58
5128,58
5129,58
5130,58
5131,58
5132,58
5133,58
5134,58
5135,58
5136,58
5137,58
5138,58
5139,58
5140,58
5141,58
5142,58
5143,58
5144,58
5145,58
5146,58
5147,58
5148,58
5149,58
5150,58
5151,58
5152,58
5153,58
5154,58
5155,58
5156,58
5157,58
5158,58
5159,58
5160,58
5161,58
5162,58
5163,58
5164,58
5165,58
5166,58
5167,58
5168,58
5169,58
5170,58
5171,58
5172,58
5173,58
5174,58
5175,58
5176,58
5177,58
5178,58
5179,58
5180,58
5181,58
5182,58
5183,58
5184,58
5185,58
5186,58
5187,58
5188,58
5189,58
5190,58
5191,58
5192,58
5193,58
5194,58
5195,58
5196,58
5197,58
5198,58
5199,58
5200,58
5201,58
5202,58
5203,58
5204,58
5205,58
5206,58
5207,58
5208,58
5209,58
5210,58
5211,58
5212,58
5213,58
5214,58
5215,58
5216,58
5217,58
5218,58
5219,58
5220,58
5221,58
5222,58
5223,58
5224,58
5225,58
5226,58
5227,58
5228,58
5229,58
5230,58
5231,58
5232,58
5233,58
5234,58
5235,58
5236,58
5237,58
5238,58
5239,58
5240,58
5241,58
5242,58
5243,58
5244,58
5245,58
5246,58
5247,58
5248,58
5249,58
5250,58
5251,58
5252,58
5253,58
5254,58
5255,58
5256,58
5257,58
5258,58
5259,58
5260,58
5261,58
5262,58
5263,58
5264,58
5265,58
5266,58
5267,58
5268,58
5269,58
5270,58
5271,58
5272,58
5273,58
5274,58
5275,58
5276,58
5277,58
5278,58
5279,58
5280,58
5281,58
5282,58
5283,58
5284,58
5285,58
5286,58
5287,58
5288,58
5289,58
5290,58
5291,58
5292,58
5293,58
5294,58
5295,58
5296,58
5297,58
5298,58
5299,58
5300,58
5301,58
5302,58
5303,58
5304,58
5305,58
5306,58
5307,58
5308,58
5309,58
5310,58
5311,58
5312,58
5313,58
5314,58
5315,58
5316,58
5317,58
5318,58
5319,58
5320,58
5321,58
5322,58
5323,58
5324,58
5325,58
5326,58
5327,58
5328,58
5329,58
5330,58
5331,58
5332,58
5333,58
5334,58
5335,58
5336,58
5337,58
5338,58
5339,58
5340,58
5341,58
5342,58
5343,58
5344,58
5345,58
5346,58
5347,58
5348,58
5349,58
5350,58
5351,58
5352,58
5353,58
5354,58
5355,58
5356,58
5357,58
5358,58
5359,58
5360,58
5361,58
5362,58
5363,58
5364,58
5365,58
5366,58
5367,58
5368,58
5369,58
5370,58
5371,58
5372,58
5373,58
5374,58
5375,58
5376,58
5377,58
5378,58
5379,58
5380,58
5381,58
5382,58
5383,58
5384,58
5385,58
5386,58
5387,58
5388,58
5389,58
5390,58
5391,58
5392,58
5393,58
5394,58
5395,58
5396,58
5397,58
5398,58
5399,58
5400,58
5401,58
5402,58
5403,58
5404,58
5405,58
5406,58
5407,58
5408,58
5409,58
5410,58
5411,58
5412,58
5413,58
5414,58
5415,58
5416,58
5417,58
5418,58
5419,58
5420,58
5421,58
5422,58
5423,58
5424,58
5425,58
5426,58
5427,58
5428,58
5429,58
5430,58
5431,58
5432,58
5433,58
5434,58
5435,58
5436,58
5437,58
5438,58
5439,58
5440,58
5441,58
5442,58
5443,58
5444,58
5445,58
5446,58
5447,58
5448,58
5449,58
5450,58
5451,58
5452,58
5453,58
5454,58
5455,58
5456,58
5457,58
5458,58
5459,58
5460,58
5461,58
5462,58
5463,58
5464,58
5465,58
5466,58
5467,58
5468,58
5469,58
5470,58
5471,58
5472,58
5473,58
5474,58
5475,58
5476,58
5477,58
5478,58
5479,58
5480,58
5481,58
5482,58
5483,58
5484,58
5485,58
5486,58
5487,58
5488,58
5489,58
5490,58
5491,58
5492,58
5493,58
5494,58
5495,58
5496,58
5497,58
5498,58
5499,58
5500,58
5501,58
5502,58
5503,58
5504,58
5505,58
5506,58
5507,58
5508,58
5509,58
5510,58
5511,58
5512,58
5513,58
5514,58
5515,58
5516,58
5517,58
5518,58
5519,58
5520,58
5521,58
5522,58
5523,58
5524,58
5525,58
5526,58
5527,58
5528,58
5529,58
5530,58
5531,58
5532,58
5533,58
5534,58
5535,58
5536,58
5537,58
5538,58
5539,58
5540,58
5541,58
5542,58
5543,58
5544,58
5545,58
5546,58
5547,58
5548,58
5549,58
5550,58
5551,58
5552,58
5553,58
5554,58
5555,58
5556,58
5557,58
5558,58
5559,58
5560,58
5561,58
5562,58
5563,58
5564,58
5565,58
5566,58
5567,58
5568,58
5569,58
5570,58
5571,58
5572,58
5573,58
5574,58
5575,58
5576,58
5577,58
5578,58
5579,58
5580,58
5581,58
5582,58
5583,58
5584,58
5585,58
5586,58
5587,58
5588,58
5589,58
5590,58
5591,58
5592,58
5593,58
5594,58
5595,58
5596,58
5597,58
5598,58
5599,58
5600,58
5601,58
5602,58
5603,58
5604,58
5605,58
5606,58
5607,58
5608,58
5609,58
5610,58
5611,58
5612,58
5613,58
5614,58
5615,58
5616,58
5617,58
5618,58
5619,58
5620,58
5621,58
5622,58
5623,58
5624,58
5625,58
5626,58
5627,58
5628,58
5629,58
5630,58
5631,58
5632,58
5633,58
5634,58
5635,58
5636,58
5637,58
5638,58
5639,58
5640,58
5641,58
5642,58
5643,58
5644,58
5645,58
5646,58
5647,58
5648,58
5649,58
5650,58
5651,58
5652,58
5653,58
5654,58
5655,58
5656,58
5657,58
5658,58
5659,58
5660,58
5661,58
5662,58
5663,58
5664,58
5665,58
5666,58
5667,58
5668,58
5669,58
5670,58
5671,58
5672,58
5673,58
5674,58
5675,58
5676,58
5677,58
5678,58
5679,58
5680,58
5681,58
5682,58
5683,58
5684,58
5685,58
5686,58
5687,58
5688,58
5689,58
5690,58
5691,58
5692,58
5693,58
5694,58
5695,58
5696,58
5697,58
5698,58
5699,58
5700,58
5701,58
5702,58
5703,58
5704,58
5705,58
5706,58
5707,58
5708,58
5709,58
5710,58
5711,58
5712,58
5713,58
5714,58
5715,58
5716,58
5717,58
5718,58
5719,58
5720,58
5721,58
5722,58
5723,58
5724,58
5725,58
5726,58
5727,58
5728,58
5729,58
5730,58
5731,58
5732,58
5733,58
5734,58
5735,58
5736,58
5737,58
5738,58
5739,58
5740,58
5741,58
5742,58
5743,58
5744,58
5745,58
5746,58
5747,58
5748,58
5749,58
5750,58
5751,58
5752,58
5753,58
5754,58
5755,58
5756,58
5757,58
5758,58
5759,58
5760,58
5761,58
5762,58
5763,58
5764,58
5765,58
5766,58
5767,58
5768,58
5769,58
5770,58
5771,58
5772,58
5773,58
5774,58
5775,58
5776,58
5777,58
5778,58
5779,58
5780,58
5781,58
5782,58
5783,58
5784,58
5785,58
5786,58
5787,58
5788,58
5789,58
5790,58
5791,58
5792,58
5793,58
5794,58
5795,58
5796,58
5797,58
5798,58
5799,58
5800,58
5801,58
5802,58
5803,58
5804,58
5805,58
5806,58
5807,58
5808,58
5809,58
5810,58
5811,58
5812,58
5813,58
5814,58
5815,58
5816,58
5817,58
5818,58
5819,58
5820,58
5821,58
5822,58
5823,58
5824,58
5825,58
5826,58
5827,58
5828,58
5829,58
5830,58
5831,58
5832,58
5833,58
5834,58
5835,58
5836,58
5837,58
5838,58
5839,58
5840,58
5841,58
5842,58
5843,58
5844,58
5845,58
5846,58
5847,58
5848,58
5849,58
5850,58
5851,58
5852,58
5853,58
5854,58
5855,58
5856,58
5857,58
5858,58
5859,58
5860,58
5861,58
5862,58
5863,58
5864,58
5865,58
5866,58
5867,58
5868,58
5869,58
5870,58
5871,58
5872,58
5873,58
5874,58
5875,58
5876,58
5877,58
5878,58
5879,58
5880,58
5881,58
5882,58
5883,58
5884,58
5885,58
5886,58
5887,58
5888,58
5889,58
5890,58
5891,58
5892,58
5893,58
5894,58
5895,58
5896,58
5897,58
5898,58
5899,58
5900,58
5901,58
5902,58
5903,58
5904,58
5905,58
5906,58
5907,58
5908,58
5909,58
5910,58
5911,58
5912,58
5913,58
5914,58
5915,58
5916,58
5917,58
5918,58
5919,58
5920,58
5921,58
5922,58
5923,58
5924,58
5925,58
5926,58
5927,58
5928,58
5929,58
5930,58
5931,58
5932,58
5933,58
5934,58
5935,58
5936,58
5937,58
5938,58
5939,58
5940,58
5941,58
5942,58
5943,58
5944,58
5945,58
5946,58
5947,58
5948,58
5949,58
5950,58
5951,58
5952,58
5953,58
5954,58
5955,58
5956,58
5957,58
5958,58
5959,58
5960,58
5961,58
5962,58
5963,58
5964,58
5965,58
5966,58
5967,58
5968,58
5969,58
5970,58
5971,58
5972,58
5973,58
5974,58
5975,58
5976,58
5977,58
5978,58
5979,58
5980,58
5981,58
5982,58
5983,58
5984,58
5985,58
5986,58
5987,58
5988,58
5989,58
5990,58
5991,58
5992,58
5993,58
5994,58
5995,58
5996,58
5997,58
5998,58
5999,58
6000,58
6001,58
6002,58
6003,58
6004,58
6005,58
6006,58
6007,58
6008,58
6009,58
6010,58
6011,58
6012,58
6013,58
6014,58
6015,58
6016,58
6017,58
6018,58
6019,58
6020,58
6021,58
6022,58
6023,58
6024,58
6025,58
6026,58
6027,58
6028,58
6029,58
6030,58
6031,58
6032,58
6033,58
6034,58
6035,58
6036,58
6037,58
6038,58
6039,58
6040,58
6041,58
6042,58
6043,58
6044,58
6045,58
6046,58
6047,58
6048,58
6049,58
6050,58
6051,58
6052,58
6053,58
6054,58
6055,58
6056,58
6057,58
6058,58
6059,58
6060,58
6061,58
6062,58
6063,58
6064,58
6065,58
6066,58
6067,58
6068,58
6069,58
6070,58
6071,58
6072,58
6073,58
6074,58
6075,58
6076,58
6077,58
6078,58
6079,58
6080,58
6081,58
6082,58
6083,58
6084,58
6085,58
6086,58
6087,58
6088,58
6089,58
6090,58
6091,58
6092,58
6093,58
6094,58
6095,58
6096,58
6097,58
6098,58
6099,58
6100,58
6101,58
6102,58
6103,58
6104,58
6105,58
6106,58
6107,58
6108,58
6109,58
6110,58
6111,58
6112,58
6113,58
6114,58
6115,58
6116,58
6117,58
6118,58
6119,58
6120,58
6121,58
6122,58
6123,58
6124,58
6125,58
6126,58
6127,58
6128,58
6129,58
6130,58
6131,58
6132,58
6133,58
6134,58
6135,58
6136,58
6137,58
6138,58
6139,58
6140,58
6141,58
6142,58
6143,58
6144,58
6145,58
6146,58
6147,58
6148,58
6149,58
6150,58
6151,58
6152,58
6153,58
6154,58
6155,58
6156,58
6157,58
6158,58
6159,58
6160,58
6161,58
6162,58
6163,58
6164,58
6165,58
6166,58
6167,58
6168,58
6169,58
6170,58
6171,58
6172,58
6173,58
6174,58
6175,58
6176,58
6177,58
6178,58
6179,58
6180,58
6181,58
6182,58
6183,58
6184,58
6185,58
6186,58
6187,58
6188,58
6189,58
6190,58
6191,58
6192,58
6193,58
6194,58
6195,58
6196,58
6197,58
6198,58
6199,58
6200,58
6201,58
6202,58
6203,58
6204,58
6205,58
6206,58
6207,58
6208,58
6209,58
6210,58
6211,58
6212,58
6213,58
6214,58
6215,58
6216,58
6217,58
6218,58
6219,58
6220,58
6221,58
6222,58
6223,58
6224,58
6225,58
6226,58
6227,58
6228,58
6229,58
6230,58
6231,58
6232,58
6233,58
6234,58
6235,58
6236,58
6237,58
6238,58
6239,58
6240,58
6241,58
6242,58
6243,58
6244,58
6245,58
6246,58
6247,58
6248,58
6249,58
6250,58
6251,58
6252,58
6253,58
6254,58
6255,58
6256,58
6257,58
6258,58
6259,58
6260,58
6261,58
6262,58
6263,58
6264,58
6265,58
6266,58
6267,58
6268,58
6269,58
6270,58
6271,58
6272,58
6273,58
6274,58
6275,58
6276,58
6277,58
6278,58
6279,58
6280,58
6281,58
6282,58
6283,58
6284,58
6285,58
6286,58
6287,58
6288,58
6289,58
6290,58
6291,58
6292,58
6293,58
6294,58
6295,58
6296,58
6297,58
6298,58
6299,58
6300,58
6301,58
6302,58
6303,58
6304,58
6305,58
6306,58
6307,58
6308,58
6309,58
6310,58
6311,58
6312,58
6313,58
6314,58
6315,58
6316,58
6317,58
6318,58
6319,58
6320,58
6321,58
6322,58
6323,58
6324,58
6325,58
6326,58
6327,58
6328,58
6329,58
6330,58
6331,58
6332,58
6333,58
6334,58
6335,58
6336,58
6337,58
6338,58
6339,58
6340,58
6341,58
6342,58
6343,58
6344,58
6345,58
6346,58
6347,58
6348,58
6349,58
6350,58
6351,58
6352,58
6353,58
6354,58
6355,58
6356,58
6357,58
6358,58
6359,58
6360,58
6361,58
6362,58
6363,58
6364,58
6365,58
6366,58
6367,58
6368,58
6369,58
6370,58
6371,58
6372,58
6373,58
6374,58
6375,58
6376,58
6377,58
6378,58
6379,58
6380,58
6381,58
6382,58
6383,58
6384,58
6385,58
6386,58
6387,58
6388,58
6389,58
6390,58
6391,58
6392,58
6393,58
6394,58
6395,58
6396,58
6397,58
6398,58
6399,58
6400,58
6401,58
6402,58
6403,58
6404,58
6405,58
6406,58
6407,58
6408,58
6409,58
6410,58
6411,58
6412,58
6413,58
6414,58
6415,58
6416,58
6417,58
6418,58
6419,58
6420,58
6421,58
6422,58
6423,58
6424,58
6425,58
6426,58
6427,58
6428,58
6429,58
6430,58
6431,58
6432,58
6433,58
6434,58
6435,58
6436,58
6437,58
6438,58
6439,58
6440,58
6441,58
6442,58
6443,58
6444,58
6445,58
6446,58
6447,58
6448,58
6449,58
6450,58
6451,58
6452,58
6453,58
6454,58
6455,58
6456,58
6457,58
6458,58
6459,58
6460,58
6461,58
6462,58
6463,58
6464,58
6465,58
6466,58
6467,58
6468,58
6469,58
6470,58
6471,58
6472,58
6473,58
6474,58
6475,58
6476,58
6477,58
6478,58
6479,58
6480,58
6481,58
6482,58
6483,58
6484,58
6485,58
6486,58
6487,58
6488,58
6489,58
6490,58
6491,58
6492,58
6493,58
6494,58
6495,58
6496,58
6497,58
6498,58
6499,58
6500,58
6501,58
6502,58
6503,58
6504,58
6505,58
6506,58
6507,58
6508,58
6509,58
6510,58
6511,58
6512,58
6513,58
6514,58
6515,58
6516,58
6517,58
6518,58
6519,58
6520,58
6521,58
6522,58
6523,58
6524,58
6525,58
6526,58
6527,58
6528,58
6529,58
6530,58
6531,58
6532,58
6533,58
6534,58
6535,58
6536,58
6537,58
6538,58
6539,58
6540,58
6541,58
6542,58
6543,58
6544,58
6545,58
6546,58
6547,58
6548,58
6549,58
6550,58
6551,58
6552,58
6553,58
6554,58
6555,58
6556,58
6557,58
6558,58
6559,58
6560,58
6561,58
6562,58
6563,58
6564,58
6565,58
6566,58
6567,58
6568,58
6569,58
6570,58
6571,58
6572,58
6573,58
6574,58
6575,58
6576,58
6577,58
6578,58
6579,58
6580,58
6581,58
6582,58
6583,58
6584,58
6585,58
6586,58
6587,58
6588,58
6589,58
6590,58
6591,58
6592,58
6593,58
6594,58
6595,58
6596,58
6597,58
6598,58
6599,58
6600,58
6601,58
6602,58
6603,58
6604,58
6605,58
6606,58
6607,58
6608,58
6609,58
6610,58
6611,58
6612,58
6613,58
6614,58
6615,58
6616,58
6617,58
6618,58
6619,58
6620,58
6621,58
6622,58
6623,58
6624,58
6625,58
6626,58
6627,58
6628,58
6629,58
6630,58
6631,58
6632,58
6633,58
6634,58
6635,58
6636,58
6637,58
6638,58
6639,58
6640,58
6641,58
6642,58
6643,58
6644,58
6645,58
6646,58
6647,58
6648,58
6649,58
6650,58
6651,58
6652,58
6653,58
6654,58
6655,58
6656,58
6657,58
6658,58
6659,58
6660,58
6661,58
6662,58
6663,58
6664,58
6665,58
6666,58
6667,58
6668,58
6669,58
6670,58
6671,58
6672,58
6673,58
6674,58
6675,58
6676,58
6677,58
6678,58
6679,58
6680,58
6681,58
6682,58
6683,58
6684,58
6685,58
6686,58
6687,58
6688,58
6689,58
6690,58
6691,58
6692,58
6693,58
6694,58
6695,58
6696,58
6697,58
6698,58
6699,58
6700,58
6701,58
6702,58
6703,58
6704,58
6705,58
6706,58
6707,58
6708,58
6709,58
6710,58
6711,58
6712,58
6713,58
6714,58
6715,58
6716,58
6717,58
6718,58
6719,58
6720,58
6721,58
6722,58
6723,58
6724,58
6725,58
6726,58
6727,58
6728,58
6729,58
6730,58
6731,58
6732,58
6733,58
6734,58
6735,58
6736,58
6737,58
6738,58
6739,58
6740,58
6741,58
6742,58
6743,58
6744,58
6745,58
6746,58
6747,58
6748,58
6749,58
6750,58
6751,58
6752,58
6753,58
6754,58
6755,58
6756,58
6757,58
6758,58
6759,58
6760,58
6761,58
6762,58
6763,58
6764,58
6765,58
6766,58
6767,58
6768,58
6769,58
6770,58
6771,58
6772,58
6773,58
6774,58
6775,58
6776,58
6777,58
6778,58
6779,58
6780,58
6781,58
6782,58
6783,58
6784,58
6785,58
6786,58
6787,58
6788,58
6789,58
6790,58
6791,58
6792,58
6793,58
6794,58
6795,58
6796,58
6797,58
6798,58
6799,58
6800,58
6801,58
6802,58
6803,58
6804,58
6805,58
6806,58
6807,58
6808,58
6809,58
6810,58
6811,58
6812,58
6813,58
6814,58
6815,58
6816,58
6817,58
6818,58
6819,58
6820,58
6821,58
6822,58
6823,58
6824,58
6825,58
6826,58
6827,58
6828,58
6829,58
6830,58
6831,58
6832,58
6833,58
6834,58
6835,58
6836,58
6837,58
6838,58
6839,58
6840,58
6841,58
6842,58
6843,58
6844,58
6845,58
6846,58
6847,58
6848,58
6849,58
6850,58
6851,58
6852,58
6853,58
6854,58
6855,58
6856,58
6857,58
6858,58
6859,58
6860,58
6861,58
6862,58
6863,58
6864,58
6865,58
6866,58
6867,58
6868,58
6869,58
6870,58
6871,58
6872,58
6873,58
6874,58
6875,58
6876,58
6877,58
6878,58
6879,58
6880,58
6881,58
6882,58
6883,58
6884,58
6885,58
6886,58
6887,58
6888,58
6889,58
6890,58
6891,58
6892,58
6893,58
6894,58
6895,58
6896,58
6897,58
6898,58
6899,58
6900,58
6901,58
6902,58
6903,58
6904,58
6905,58
6906,58
6907,58
6908,58
6909,58
6910,58
6911,58
6912,58
6913,58
6914,58
6915,58
6916,58
6917,58
6918,58
6919,58
6920,58
6921,58
6922,58
6923,58
6924,58
6925,58
6926,58
6927,58
6928,58
6929,58
6930,58
6931,58
6932,58
6933,58
6934,58
6935,58
6936,58
6937,58
6938,58
6939,58
6940,58
6941,58
6942,58
6943,58
6944,58
6945,58
6946,58
6947,58
6948,58
6949,58
6950,58
6951,58
6952,58
6953,58
6954,58
6955,58
6956,58
6957,58
6958,58
6959,58
6960,58
6961,58
6962,58
6963,58
6964,58
6965,58
6966,58
6967,58
6968,58
6969,58
6970,58
6971,58
6972,58
6973,58
6974,58
6975,58
6976,58
6977,58
6978,58
6979,58
6980,58
6981,58
6982,58
6983,58
6984,58
6985,58
6986,58
6987,58
6988,58
6989,58
6990,58
6991,58
6992,58
6993,58
6994,58
6995,58
6996,58
6997,58
6998,58
6999,58
7000,58
7001,58
7002,58
7003,58
7004,58
7005,58
7006,58
7007,58
7008,58
7009,58
7010,58
7011,58
7012,58
7013,58
7014,58
7015,58
7016,58
7017,58
7018,58
7019,58
7020,58
7021,58
7022,58
7023,58
7024,58
7025,58
7026,58
7027,58
7028,58
7029,58
7030,58
7031,58
7032,58
7033,58
7034,58
7035,58
7036,58
7037,58
7038,58
7039,58
7040,58
7041,58
7042,58
7043,58
7044,58
7045,58
7046,58
7047,58
7048,58
7049,58
7050,58
7051,58
7052,58
7053,58
7054,58
7055,58
7056,58
7057,58
7058,58
7059,58
7060,58
7061,58
7062,58
7063,58
7064,58
7065,58
7066,58
7067,58
7068,58
7069,58
7070,58
7071,58
7072,58
7073,58
7074,58
7075,58
7076,58
7077,58
7078,58
7079,58
7080,58
7081,58
7082,58
7083,58
7084,58
7085,58
7086,58
7087,58
7088,58
7089,58
7090,58
7091,58
7092,58
7093,58
7094,58
7095,58
7096,58
7097,58
7098,58
7099,58
7100,58
7101,58
7102,58
7103,58
7104,58
7105,58
7106,58
7107,58
7108,58
7109,58
7110,58
7111,58
7112,58
7113,58
7114,58
7115,58
7116,58
7117,58
7118,58
7119,58
7120,58
7121,58
7122,58
7123,58
7124,58
7125,58
7126,58
7127,58
7128,58
7129,58
7130,58
7131,58
7132,58
7133,58
7134,58
7135,58
7136,58
7137,58
7138,58
7139,58
7140,58
7141,58
7142,58
7143,58
7144,58
7145,58
7146,58
7147,58
7148,58
7149,58
7150,58
7151,58
7152,58
7153,58
7154,58
7155,58
7156,58
7157,58
7158,58
7159,58
7160,58
7161,58
7162,58
7163,58
7164,58
7165,58
7166,58
7167,58
7168,58
7169,58
7170,58
7171,58
7172,58
7173,58
7174,58
7175,58
7176,58
7177,58
7178,58
7179,58
7180,58
7181,58
7182,58
7183,58
7184,58
7185,58
7186,58
7187,58
7188,58
7189,58
7190,58
7191,58
7192,58
7193,58
7194,58
7195,58
7196,58
7197,58
7198,58
7199,58
7200,58
7201,58
7202,58
7203,58
7204,58
7205,58
7206,58
7207,58
7208,58
7209,58
7210,58
7211,58
7212,58
7213,58
7214,58
7215,58
7216,58
7217,58
7218,58
7219,58
7220,58
7221,58
7222,58
7223,58
7224,58
7225,58
7226,58
7227,58
7228,58
7229,58
7230,58
7231,58
7232,58
7233,58
7234,58
7235,58
7236,58
7237,58
7238,58
7239,58
7240,58
7241,58
7242,58
7243,58
7244,58
7245,58
7246,58
7247,58
7248,58
7249,58
7250,58
7251,58
7252,58
7253,58
7254,58
7255,58
7256,58
7257,58
7258,58
7259,58
7260,58
7261,58
7262,58
7263,58
7264,58
7265,58
7266,58
7267,58
7268,58
7269,58
7270,58
7271,58
7272,58
7273,58
7274,58
7275,58
7276,58
7277,58
7278,58
7279,58
7280,58
7281,58
7282,58
7283,58
7284,58
7285,58
7286,58
7287,58
7288,58
7289,58
7290,58
7291,58
7292,58
7293,58
7294,58
7295,58
7296,58
7297,58
7298,58
7299,58
7300,58
7301,58
7302,58
7303,58
7304,58
7305,58
7306,58
7307,58
7308,58
7309,58
7310,58
7311,58
7312,58
7313,58
7314,58
7315,58
7316,58
7317,58
7318,58
7319,58
7320,58
7321,58
7322,58
7323,58
7324,58
7325,58
7326,58
7327,58
7328,58
7329,58
7330,58
7331,58
7332,58
7333,58
7334,58
7335,58
7336,58
7337,58
7338,58
7339,58
7340,58
7341,58
7342,58
7343,58
7344,58
7345,58
7346,58
7347,58
7348,58
7349,58
7350,58
7351,58
7352,58
7353,58
7354,58
7355,58
7356,58
7357,58
7358,58
7359,58
7360,58
7361,58
7362,58
7363,58
7364,58
7365,58
7366,58
7367,58
7368,58
7369,58
7370,58
7371,58
7372,58
7373,58
7374,58
7375,58
7376,58
7377,58
7378,58
7379,58
7380,58
7381,58
7382,58
7383,58
7384,58
7385,58
7386,58
7387,58
7388,58
7389,58
7390,58
7391,58
7392,58
7393,58
7394,58
7395,58
7396,58
7397,58
7398,58
7399,58
7400,58
7401,58
7402,58
7403,58
7404,58
7405,58
7406,58
7407,58
7408,58
7409,58
7410,58
7411,58
7412,58
7413,58
7414,58
7415,58
7416,58
7417,58
7418,58
7419,58
7420,58
7421,58
7422,58
7423,58
7424,58
7425,58
7426,58
7427,58
7428,58
7429,58
7430,58
7431,58
7432,58
7433,58
7434,58
7435,58
7436,58
7437,58
7438,58
7439,58
7440,58
7441,58
7442,58
7443,58
7444,58
7445,58
7446,58
7447,58
7448,58
7449,58
7450,58
7451,58
7452,58
7453,58
7454,58
7455,58
7456,58
7457,58
7458,58
7459,58
7460,58
7461,58
7462,58
7463,58
7464,58
7465,58
7466,58
7467,58
7468,58
7469,58
7470,58
7471,58
7472,58
7473,58
7474,58
7475,58
7476,58
7477,58
7478,58
7479,58
7480,58
7481,58
7482,58
7483,58
7484,58
7485,58
7486,58
7487,58
7488,58
7489,58
7490,58
7491,58
7492,58
7493,58
7494,58
7495,58
7496,58
7497,58
7498,58
7499,58
7500,58
7501,58
7502,58
7503,58
7504,58
7505,58
7506,58
7507,58
7508,58
7509,58
7510,58
7511,58
7512,58
7513,58
7514,58
7515,58
7516,58
7517,58
7518,58
7519,58
7520,58
7521,58
7522,58
7523,58
7524,58
7525,58
7526,58
7527,58
7528,58
7529,58
7530,58
7531,58
7532,58
7533,58
7534,58
7535,58
7536,58
7537,58
7538,58
7539,58
7540,58
7541,58
7542,58
7543,58
7544,58
7545,58
7546,58
7547,58
7548,58
7549,58
7550,58
7551,58
7552,58
7553,58
7554,58
7555,58
7556,58
7557,58
7558,58
7559,58
7560,58
7561,58
7562,58
7563,58
7564,58
7565,58
7566,58
7567,58
7568,58
7569,58
7570,58
7571,58
7572,58
7573,58
7574,58
7575,58
7576,58
7577,58
7578,58
7579,58
7580,58
7581,58
7582,58
7583,58
7584,58
7585,58
7586,58
7587,58
7588,58
7589,58
7590,58
7591,58
7592,58
7593,58
7594,58
7595,58
7596,58
7597,58
7598,58
7599,58
7600,58
7601,58
7602,58
7603,58
7604,58
7605,58
7606,58
7607,58
7608,58
7609,58
7610,58
7611,58
7612,58
7613,58
7614,58
7615,58
7616,58
7617,58
7618,58
7619,58
7620,58
7621,58
7622,58
7623,58
7624,58
7625,58
7626,58
7627,58
7628,58
7629,58
7630,58
7631,58
7632,58
7633,58
7634,58
7635,58
7636,58
7637,58
7638,58
7639,58
7640,58
7641,58
7642,58
7643,58
7644,58
7645,58
7646,58
7647,58
7648,58
7649,58
7650,58
7651,58
7652,58
7653,58
7654,58
7655,58
7656,58
7657,58
7658,58
7659,58
7660,58
7661,58
7662,58
7663,58
7664,58
7665,58
7666,58
7667,58
7668,58
7669,58
7670,58
7671,58
7672,58
7673,58
7674,58
7675,58
7676,58
7677,58
7678,58
7679,58
7680,58
7681,58
7682,58
7683,58
7684,58
7685,58
7686,58
7687,58
7688,58
7689,58
7690,58
7691,58
7692,58
7693,58
7694,58
7695,58
7696,58
7697,58
7698,58
7699,58
7700,58
7701,58
7702,58
7703,58
7704,58
7705,58
7706,58
7707,58
7708,58
7709,58
7710,58
7711,58
7712,58
7713,58
7714,58
7715,58
7716,58
7717,58
7718,58
7719,58
7720,58
7721,58
7722,58
7723,58
7724,58
7725,58
7726,58
7727,58
7728,58
7729,58
7730,58
7731,58
7732,58
7733,58
7734,58
7735,58
7736,58
7737,58
7738,58
7739,58
7740,58
7741,58
7742,58
7743,58
7744,58
7745,58
7746,58
7747,58
7748,58
7749,58
7750,58
7751,58
7752,58
7753,58
7754,58
7755,58
7756,58
7757,58
7758,58
7759,58
7760,58
7761,58
7762,58
7763,58
7764,58
7765,58
7766,58
7767,58
7768,58
7769,58
7770,58
7771,58
7772,58
7773,58
7774,58
7775,58
7776,58
7777,58
7778,58
7779,58
7780,58
7781,58
7782,58
7783,58
7784,58
7785,58
7786,58
7787,58
7788,58
7789,58
7790,58
7791,58
7792,58
7793,58
7794,58
7795,58
7796,58
7797,58
7798,58
7799,58
7800,58
7801,58
7802,58
7803,58
7804,58
7805,58
7806,58
7807,58
7808,58
7809,58
7810,58
7811,58
7812,58
7813,58
7814,58
7815,58
7816,58
7817,58
7818,58
7819,58
7820,58
7821,58
7822,58
7823,58
7824,57
7825,57
7826,57
7827,57
7828,57
7829,57
7830,57
7831,57
7832,57
7833,57
7834,57
7835,57
7836,57
7837,57
7838,57
7839,57
7840,57
7841,57
7842,57
7843,57
7844,57
7845,57
7846,57
7847,57
7848,57
7849,57
7850,57
7851,57
7852,57
7853,57
7854,57
7855,57
7856,57
7857,57
7858,57
7859,57
7860,57
7861,57
7862,57
7863,57
7864,57
7865,57
7866,57
7867,57
7868,57
7869,57
7870,57
7871,57
7872,57
7873,57
7874,57
7875,57
7876,57
7877,57
7878,57
7879,57
7880,57
7881,57
7882,57
7883,57
7884,57
7885,57
7886,57
7887,57
7888,57
7889,57
7890,57
7891,57
7892,57
7893,57
7894,57
7895,57
7896,57
7897,57
7898,57
7899,57
7900,57
7901,57
7902,57
7903,57
7904,57
7905,57
7906,57
7907,57
7908,57
7909,57
7910,57
7911,57
7912,57
7913,57
7914,57
7915,57
7916,57
7917,57
7918,57
7919,57
7920,57
7921,57
7922,57
7923,57
7924,57
7925,57
7926,57
7927,57
7928,57
7929,57
7930,57
7931,57
7932,57
7933,57
7934,57
7935,57
7936,57
7937,57
7938,57
7939,57
7940,57
7941,57
7942,57
7943,57
7944,57
7945,57
7946,57
7947,57
7948,57
7949,57
7950,57
7951,57
7952,57
7953,57
7954,57
7955,57
7956,57
7957,57
7958,57
7959,57
7960,57
7961,57
7962,57
7963,57
7964,57
7965,57
7966,57
7967,57
7968,57
7969,57
7970,57
7971,57
7972,57
7973,57
7974,57
7975,57
7976,57
7977,57
7978,57
7979,57
7980,57
7981,57
7982,57
7983,57
7984,57
7985,57
7986,57
7987,57
7988,57
7989,57
7990,57
7991,57
7992,57
7993,57
7994,57
7995,57
7996,57
7997,57
7998,57
7999,57
8000,57
8001,57
8002,57
8003,57
8004,57
8005,57
8006,57
8007,57
8008,57
8009,57
8010,57
8011,57
8012,57
8013,57
8014,57
8015,57
8016,57
8017,57
8018,57
8019,57
8020,57
8021,57
8022,57
8023,57
8024,57
8025,57
8026,57
8027,57
8028,57
8029,57
8030,57
8031,57
8032,57
8033,57
8034,57
8035,57
8036,57
8037,57
8038,57
8039,57
8040,57
8041,57
8042,57
8043,57
8044,57
8045,57
8046,57
8047,57
8048,57
8049,57
8050,57
8051,57
8052,57
8053,57
8054,57
8055,57
8056,57
8057,57
8058,57
8059,57
8060,57
8061,57
8062,57
8063,57
8064,57
8065,57
8066,57
8067,57
8068,57
8069,57
8070,57
8071,57
8072,57
8073,57
8074,57
8075,57
8076,57
8077,57
8078,57
8079,57
8080,57
8081,57
8082,57
8083,57
8084,57
8085,57
8086,57
8087,57
8088,57
8089,57
8090,57
8091,57
8092,57
8093,57
8094,57
8095,57
8096,57
8097,57
8098,57
8099,57
8100,57
8101,57
8102,57
8103,57
8104,57
8105,57
8106,57
8107,57
8108,57
8109,57
8110,57
8111,57
8112,57
8113,57
8114,57
8115,57
8116,57
8117,57
8118,57
8119,57
8120,57
8121,57
8122,57
8123,57
8124,57
8125,57
8126,57
8127,57
8128,57
8129,57
8130,57
8131,57
8132,57
8133,57
8134,57
8135,57
8136,57
8137,57
8138,57
8139,57
8140,57
8141,57
8142,57
8143,57
8144,57
8145,57
8146,57
8147,57
8148,57
8149,57
8150,57
8151,57
8152,57
8153,57
8154,57
8155,57
8156,57
8157,57
8158,57
8159,57
8160,57
8161,57
8162,57
8163,57
8164,57
8165,57
8166,57
8167,57
8168,57
8169,57
8170,57
8171,57
8172,57
8173,57
8174,57
8175,57
8176,57
8177,57
8178,57
8179,57
8180,57
8181,57
8182,57
8183,57
8184,57
8185,57
8186,57
8187,57
8188,57
8189,57
8190,57
8191,57
8192,57
8193,57
8194,57
8195,57
8196,57
8197,57
8198,57
8199,57
8200,57
8201,57
8202,57
8203,57
8204,57
8205,57
8206,57
8207,57
8208,57
8209,57
8210,57
8211,57
8212,57
8213,57
8214,57
8215,57
8216,57
8217,57
8218,57
8219,57
8220,57
8221,57
8222,57
8223,57
8224,57
8225,57
8226,57
8227,57
8228,57
8229,57
8230,57
8231,57
8232,57
8233,57
8234,57
8235,57
8236,57
8237,57
8238,57
8239,57
8240,57
8241,57
8242,57
8243,57
8244,57
8245,57
8246,57
8247,57
8248,57
8249,57
8250,57
8251,57
8252,57
8253,57
8254,57
8255,57
8256,57
8257,57
8258,57
8259,57
8260,57
8261,57
8262,57
8263,57
8264,57
8265,57
8266,57
8267,57
8268,57
8269,57
8270,57
8271,57
8272,57
8273,57
8274,57
8275,57
8276,57
8277,57
8278,57
8279,57
8280,57
8281,57
8282,57
8283,57
8284,57
8285,57
8286,57
8287,57
8288,57
8289,57
8290,57
8291,57
8292,57
8293,57
8294,57
8295,57
8296,57
8297,57
8298,57
8299,57
8300,57
8301,57
8302,57
8303,57
8304,57
8305,57
8306,57
8307,57
8308,57
8309,57
8310,57
8311,57
8312,57
8313,57
8314,57
8315,57
8316,57
8317,57
8318,57
8319,57
8320,57
8321,57
8322,57
8323,57
8324,57
8325,57
8326,57
8327,57
8328,57
8329,57
8330,57
8331,57
8332,57
8333,57
8334,57
8335,57
8336,57
8337,57
8338,57
8339,57
8340,57
8341,57
8342,57
8343,57
8344,57
8345,57
8346,57
8347,57
8348,57
8349,57
8350,57
8351,57
8352,57
8353,57
8354,57
8355,57
8356,57
8357,57
8358,57
8359,57
8360,57
8361,57
8362,57
8363,57
8364,57
8365,57
8366,57
8367,57
8368,57
8369,57
8370,57
8371,57
8372,57
8373,57
8374,57
8375,57
8376,57
8377,57
8378,57
8379,57
8380,57
8381,57
8382,57
8383,57
8384,57
8385,57
8386,57
8387,57
8388,57
8389,57
8390,57
8391,57
8392,57
8393,57
8394,57
8395,57
8396,57
8397,57
8398,57
8399,57
8400,57
8401,57
8402,57
8403,57
8404,57
8405,57
8406,57
8407,57
8408,57
8409,57
8410,57
8411,57
8412,57
8413,57
8414,57
8415,57
8416,57
8417,57
8418,57
8419,57
8420,57
8421,57
8422,57
8423,57
8424,57
8425,57
8426,57
8427,57
8428,57
8429,57
8430,57
8431,57
8432,57
8433,57
8434,57
8435,57
8436,57
8437,57
8438,57
8439,57
8440,57
8441,57
8442,57
8443,57
8444,57
8445,57
8446,57
8447,57
8448,57
8449,57
8450,57
8451,57
8452,57
8453,57
8454,57
8455,57
8456,57
8457,57
8458,57
8459,57
8460,57
8461,57
8462,57
8463,57
8464,57
8465,57
8466,57
8467,57
8468,57
8469,57
8470,57
8471,57
8472,57
8473,57
8474,57
8475,57
8476,57
8477,57
8478,57
8479,57
8480,57
8481,57
8482,57
8483,57
8484,57
8485,57
8486,57
8487,57
8488,57
8489,57
8490,57
8491,57
8492,57
8493,57
8494,57
8495,57
8496,57
8497,57
8498,57
8499,57
8500,57
8501,57
8502,57
8503,57
8504,57
8505,57
8506,57
8507,57
8508,57
8509,57
8510,57
8511,57
8512,57
8513,57
8514,57
8515,57
8516,57
8517,57
8518,57
8519,57
8520,57
8521,57
8522,57
8523,57
8524,57
8525,57
8526,57
8527,57
8528,57
8529,57
8530,57
8531,57
8532,57
8533,57
8534,57
8535,57
8536,57
8537,57
8538,57
8539,57
8540,57
8541,57
8542,57
8543,57
8544,57
8545,57
8546,57
8547,57
8548,57
8549,57
8550,57
8551,57
8552,57
8553,57
8554,57
8555,57
8556,57
8557,57
8558,57
8559,57
8560,57
8561,57
8562,57
8563,57
8564,57
8565,57
8566,57
8567,57
8568,57
8569,57
8570,57
8571,57
8572,57
8573,57
8574,57
8575,57
8576,57
8577,57
8578,57
8579,57
8580,57
8581,57
8582,57
8583,57
8584,57
8585,57
8586,57
8587,57
8588,57
8589,57
8590,57
8591,57
8592,57
8593,57
8594,57
8595,57
8596,57
8597,57
8598,57
8599,57
8600,57
8601,57
8602,57
8603,57
8604,57
8605,57
8606,57
8607,57
8608,57
8609,57
8610,57
8611,57
8612,57
8613,57
8614,57
8615,57
8616,57
8617,57
8618,57
8619,57
8620,57
8621,57
8622,57
8623,57
8624,57
8625,57
8626,57
8627,57
8628,57
8629,57
8630,57
8631,57
8632,57
8633,57
8634,57
8635,57
8636,57
8637,57
8638,57
8639,57
8640,57
8641,57
8642,57
8643,57
8644,57
8645,57
8646,57
8647,57
8648,57
8649,57
8650,57
8651,57
8652,57
8653,57
8654,57
8655,57
8656,57
8657,57
8658,57
8659,57
8660,57
8661,57
8662,57
8663,57
8664,57
8665,57
8666,57
8667,57
8668,57
8669,57
8670,57
8671,57
8672,57
8673,57
8674,57
8675,57
8676,57
8677,57
8678,57
8679,57
8680,57
8681,57
8682,57
8683,57
8684,57
8685,57
8686,57
8687,57
8688,57
8689,57
8690,57
8691,57
8692,57
8693,57
8694,57
8695,57
8696,57
8697,57
8698,57
8699,57
8700,57
8701,57
8702,57
8703,57
8704,57
8705,57
8706,57
8707,57
8708,57
8709,57
8710,57
8711,57
8712,57
8713,57
8714,57
8715,57
8716,57
8717,57
8718,57
8719,57
8720,57
8721,57
8722,57
8723,57
8724,57
8725,57
8726,57
8727,57
8728,57
8729,57
8730,57
8731,57
8732,57
8733,57
8734,57
8735,57
8736,57
8737,57
8738,57
8739,57
8740,57
8741,57
8742,57
8743,57
8744,57
8745,57
8746,57
8747,57
8748,57
8749,57
8750,57
8751,57
8752,57
8753,57
8754,57
8755,57
8756,57
8757,57
8758,57
8759,57
8760,57
8761,57
8762,57
8763,57
8764,57
8765,57
8766,57
8767,57
8768,57
8769,57
8770,57
8771,57
8772,57
8773,57
8774,57
8775,57
8776,57
8777,57
8778,57
8779,57
8780,57
8781,57
8782,57
8783,57
8784,57
8785,57
8786,57
8787,57
8788,57
8789,57
8790,57
8791,57
8792,57
8793,57
8794,57
8795,57
8796,57
8797,57
8798,57
8799,57
8800,57
8801,57
8802,57
8803,57
8804,57
8805,57
8806,57
8807,57
8808,57
8809,57
8810,57
8811,57
8812,57
8813,57
8814,57
8815,57
8816,57
8817,57
8818,57
8819,57
8820,57
8821,57
8822,57
8823,57
8824,57
8825,57
8826,57
8827,57
8828,57
8829,57
8830,57
8831,57
8832,57
8833,57
8834,57
8835,57
8836,57
8837,57
8838,57
8839,57
8840,57
8841,57
8842,57
8843,57
8844,57
8845,57
8846,57
8847,57
8848,57
8849,57
8850,57
8851,57
8852,57
8853,57
8854,57
8855,57
8856,57
8857,57
8858,57
8859,57
8860,57
8861,57
8862,57
8863,57
8864,57
8865,57
8866,57
8867,57
8868,57
8869,57
8870,57
8871,57
8872,57
8873,57
8874,57
8875,57
8876,57
8877,57
8878,57
8879,57
8880,57
8881,57
8882,57
8883,57
8884,57
8885,57
8886,57
8887,57
8888,57
8889,57
8890,57
8891,57
8892,57
8893,57
8894,57
8895,57
8896,57
8897,57
8898,57
8899,57
8900,57
8901,57
8902,57
8903,57
8904,57
8905,57
8906,57
8907,57
8908,57
8909,57
8910,57
8911,57
8912,57
8913,57
8914,57
8915,57
8916,57
8917,57
8918,57
8919,57
8920,57
8921,57
8922,57
8923,57
8924,57
8925,57
8926,57
8927,57
8928,57
8929,57
8930,57
8931,57
8932,57
8933,57
8934,57
8935,57
8936,57
8937,57
8938,57
8939,57
8940,57
8941,57
8942,57
8943,57
8944,57
8945,57
8946,57
8947,57
8948,57
8949,57
8950,57
8951,57
8952,57
8953,57
8954,57
8955,57
8956,57
8957,57
8958,57
8959,57
8960,57
8961,57
8962,57
8963,57
8964,57
8965,57
8966,57
8967,57
8968,57
8969,57
8970,57
8971,57
8972,57
8973,57
8974,57
8975,57
8976,57
8977,57
8978,57
8979,57
8980,57
8981,57
8982,57
8983,57
8984,57
8985,57
8986,57
8987,57
8988,57
8989,57
8990,57
8991,57
8992,57
8993,57
8994,57
8995,57
8996,57
8997,57
8998,57
8999,57
9000,57
9001,57
9002,57
9003,57
9004,57
9005,57
9006,57
9007,57
9008,57
9009,57
9010,57
9011,57
9012,57
9013,57
9014,57
9015,57
9016,57
9017,57
9018,57
9019,57
9020,57
9021,57
9022,57
9023,57
9024,57
9025,57
9026,57
9027,57
9028,57
9029,57
9030,57
9031,57
9032,57
9033,57
9034,57
9035,57
9036,57
9037,57
9038,57
9039,57
9040,57
9041,57
9042,57
9043,57
9044,57
9045,57
9046,57
9047,57
9048,57
9049,57
9050,57
9051,57
9052,57
9053,57
9054,57
9055,57
9056,57
9057,57
9058,57
9059,57
9060,57
9061,57
9062,57
9063,57
9064,57
9065,57
9066,57
9067,57
9068,57
9069,57
9070,57
9071,57
9072,57
9073,57
9074,57
9075,57
9076,57
9077,57
9078,57
9079,57
9080,57
9081,57
9082,57
9083,57
9084,57
9085,57
9086,57
9087,57
9088,57
9089,57
9090,57
9091,57
9092,57
9093,57
9094,57
9095,57
9096,57
9097,57
9098,57
9099,57
9100,57
9101,57
9102,57
9103,57
9104,57
9105,57
9106,57
9107,57
9108,57
9109,57
9110,57
9111,57
9112,57
9113,57
9114,57
9115,57
9116,57
9117,57
9118,57
9119,57
9120,57
9121,57
9122,57
9123,57
9124,57
9125,57
9126,57
9127,57
9128,57
9129,57
9130,57
9131,57
9132,57
9133,57
9134,57
9135,57
9136,57
9137,57
9138,57
9139,57
9140,57
9141,57
9142,57
9143,57
9144,57
9145,57
9146,57
9147,57
9148,57
9149,57
9150,57
9151,57
9152,57
9153,57
9154,57
9155,57
9156,57
9157,57
9158,57
9159,57
9160,57
9161,57
9162,57
9163,57
9164,57
9165,57
9166,57
9167,57
9168,57
9169,57
9170,57
9171,57
9172,57
9173,57
9174,57
9175,57
9176,57
9177,57
9178,57
9179,57
9180,57
9181,57
9182,57
9183,57
9184,57
9185,57
9186,57
9187,57
9188,57
9189,57
9190,57
9191,57
9192,57
9193,57
9194,57
9195,57
9196,57
9197,57
9198,57
9199,57
9200,57
9201,57
9202,57
9203,57
9204,57
9205,57
9206,57
9207,57
9208,57
9209,57
9210,57
9211,57
9212,57
9213,57
9214,57
9215,57
9216,57
9217,57
9218,57
9219,57
9220,57
9221,57
9222,57
9223,57
9224,57
9225,57
9226,57
9227,57
9228,57
9229,57
9230,57
9231,57
9232,57
9233,57
9234,57
9235,57
9236,57
9237,57
9238,57
9239,57
9240,57
9241,57
9242,57
9243,57
9244,57
9245,57
9246,57
9247,57
9248,57
9249,57
9250,57
9251,57
9252,57
9253,57
9254,57
9255,57
9256,57
9257,57
9258,57
9259,57
9260,57
9261,57
9262,57
9263,57
9264,57
9265,57
9266,57
9267,57
9268,57
9269,57
9270,57
9271,57
9272,57
9273,57
9274,57
9275,57
9276,57
9277,57
9278,57
9279,57
9280,57
9281,57
9282,57
9283,57
9284,57
9285,57
9286,57
9287,57
9288,57
9289,57
9290,57
9291,57
9292,57
9293,57
9294,57
9295,57
9296,57
9297,57
9298,57
9299,57
9300,57
9301,57
9302,57
9303,57
9304,57
9305,57
9306,57
9307,57
9308,57
9309,57
9310,57
9311,57
9312,57
9313,57
9314,57
9315,57
9316,57
9317,57
9318,57
9319,57
9320,57
9321,57
9322,57
9323,57
9324,57
9325,57
9326,57
9327,57
9328,57
9329,57
9330,57
9331,57
9332,57
9333,57
9334,57
9335,57
9336,57
9337,57
9338,57
9339,57
9340,57
9341,57
9342,57
9343,57
9344,57
9345,57
9346,57
9347,57
9348,57
9349,57
9350,57
9351,57
9352,57
9353,57
9354,57
9355,57
9356,57
9357,57
9358,57
9359,57
9360,57
9361,57
9362,57
9363,57
9364,57
9365,57
9366,57
9367,57
9368,57
9369,57
9370,57
9371,57
9372,57
9373,57
9374,57
9375,57
9376,57
9377,57
9378,57
9379,57
9380,57
9381,57
9382,57
9383,57
9384,57
9385,57
9386,57
9387,57
9388,57
9389,57
9390,57
9391,57
9392,57
9393,57
9394,57
9395,57
9396,57
9397,57
9398,57
9399,57
9400,57
9401,57
9402,57
9403,57
9404,57
9405,57
9406,57
9407,57
9408,57
9409,57
9410,57
9411,57
9412,57
9413,57
9414,57
9415,57
9416,57
9417,57
9418,57
9419,57
9420,57
9421,57
9422,57
9423,57
9424,57
9425,57
9426,57
9427,57
9428,57
9429,57
9430,57
9431,57
9432,57
9433,57
9434,57
9435,57
9436,57
9437,57
9438,57
9439,57
9440,57
9441,57
9442,57
9443,57
9444,57
9445,57
9446,57
9447,57
9448,57
9449,57
9450,57
9451,57
9452,57
9453,57
9454,57
9455,57
9456,57
9457,57
9458,57
9459,57
9460,57
9461,57
9462,57
9463,57
9464,57
9465,57
9466,57
9467,57
9468,57
9469,57
9470,57
9471,57
9472,57
9473,57
9474,57
9475,57
9476,57
9477,57
9478,57
9479,57
9480,57
9481,57
9482,57
9483,57
9484,57
9485,57
9486,57
9487,57
9488,57
9489,57
9490,57
9491,57
9492,57
9493,57
9494,57
9495,57
9496,57
9497,57
9498,57
9499,57
9500,57
9501,57
9502,57
9503,57
9504,57
9505,57
9506,57
9507,57
9508,57
9509,57
9510,57
9511,57
9512,57
9513,57
9514,57
9515,57
9516,57
9517,57
9518,57
9519,57
9520,57
9521,57
9522,57
9523,57
9524,57
9525,57
9526,57
9527,57
9528,57
9529,57
9530,57
9531,57
9532,57
9533,57
9534,57
9535,57
9536,57
9537,57
9538,57
9539,57
9540,57
9541,57
9542,57
9543,57
9544,57
9545,57
9546,57
9547,57
9548,57
9549,57
9550,57
9551,57
9552,57
9553,57
9554,57
9555,57
9556,57
9557,57
9558,57
9559,57
9560,57
9561,57
9562,57
9563,57
9564,57
9565,57
9566,57
9567,57
9568,57
9569,57
9570,57
9571,57
9572,57
9573,57
9574,57
9575,57
9576,57
9577,57
9578,57
9579,57
9580,57
9581,57
9582,57
9583,57
9584,57
9585,57
9586,57
9587,57
9588,57
9589,57
9590,57
9591,57
9592,57
9593,57
9594,57
9595,57
9596,57
9597,57
9598,57
9599,57
9600,57
9601,57
9602,57
9603,57
9604,57
9605,57
9606,57
9607,57
9608,57
9609,57
9610,57
9611,57
9612,57
9613,57
9614,57
9615,57
9616,57
9617,57
9618,57
9619,57
9620,57
9621,57
9622,57
9623,57
9624,57
9625,57
9626,57
9627,57
9628,57
9629,57
9630,57
9631,57
9632,57
9633,57
9634,57
9635,57
9636,57
9637,57
9638,57
9639,57
9640,57
9641,57
9642,57
9643,57
9644,57
9645,57
9646,57
9647,57
9648,57
9649,57
9650,57
9651,57
9652,57
9653,57
9654,57
9655,57
9656,57
9657,57
9658,57
9659,57
9660,57
9661,57
9662,57
9663,57
9664,57
9665,57
9666,57
9667,57
9668,57
9669,57
9670,57
9671,57
9672,57
9673,57
9674,57
9675,57
9676,57
9677,57
9678,57
9679,57
9680,57
9681,57
9682,57
9683,57
9684,57
9685,57
9686,57
9687,57
9688,57
9689,57
9690,57
9691,57
9692,57
9693,57
9694,57
9695,57
9696,57
9697,57
9698,57
9699,57
9700,57
9701,57
9702,57
9703,57
9704,57
9705,57
9706,57
9707,57
9708,57
9709,57
9710,57
9711,57
9712,57
9713,57
9714,57
9715,57
9716,57
9717,57
9718,57
9719,57
9720,57
9721,57
9722,57
9723,57
9724,57
9725,57
9726,57
9727,57
9728,57
9729,57
9730,57
9731,57
9732,57
9733,57
9734,57
9735,57
9736,57
9737,57
9738,57
9739,57
9740,57
9741,57
9742,57
9743,57
9744,57
9745,57
9746,57
9747,57
9748,57
9749,57
9750,57
9751,57
9752,57
9753,57
9754,57
9755,57
9756,57
9757,57
9758,57
9759,57
9760,57
9761,57
9762,57
9763,57
9764,57
9765,57
9766,57
9767,57
9768,57
9769,57
9770,57
9771,57
9772,57
9773,57
9774,57
9775,57
9776,57
9777,57
9778,57
9779,57
9780,57
9781,57
9782,57
9783,57
9784,57
9785,57
9786,57
9787,57
9788,57
9789,57
9790,57
9791,57
9792,57
9793,57
9794,57
9795,57
9796,57
9797,57
9798,57
9799,57
9800,57
9801,57
9802,57
9803,57
9804,57
9805,57
9806,57
9807,57
9808,57
9809,57
9810,57
9811,57
9812,57
9813,57
9814,57
9815,57
9816,57
9817,57
9818,57
9819,57
9820,57
9821,57
9822,57
9823,57
9824,57
9825,57
9826,57
9827,57
9828,57
9829,57
9830,57
9831,57
9832,57
9833,57
9834,57
9835,57
9836,57
9837,57
9838,57
9839,57
9840,57
9841,57
9842,57
9843,57
9844,57
9845,57
9846,57
9847,57
9848,57
9849,57
9850,57
9851,57
9852,57
9853,57
9854,57
9855,57
9856,57
9857,57
9858,57
9859,57
9860,57
9861,57
9862,57
9863,57
9864,57
9865,57
9866,57
9867,57
9868,57
9869,57
9870,57
9871,57
9872,57
9873,57
9874,57
9875,57
9876,57
9877,57
9878,57
9879,57
9880,57
9881,57
9882,57
9883,57
9884,57
9885,57
9886,57
9887,57
9888,57
9889,57
9890,57
9891,57
9892,57
9893,57
9894,57
9895,57
9896,57
9897,57
9898,57
9899,57
9900,57
9901,57
9902,57
9903,57
9904,57
9905,57
9906,57
9907,57
9908,57
9909,57
9910,57
9911,57
9912,57
9913,57
9914,57
9915,57
9916,57
9917,57
9918,57
9919,57
9920,57
9921,57
9922,57
9923,57
9924,57
9925,57
9926,57
9927,57
9928,57
9929,57
9930,57
9931,57
9932,57
9933,57
9934,57
9935,57
9936,57
9937,57
9938,57
9939,57
9940,57
9941,57
9942,57
9943,57
9944,57
9945,57
9946,57
9947,57
9948,57
9949,57
9950,57
9951,57
9952,57
9953,57
9954,57
9955,57
9956,57
9957,57
9958,57
9959,57
9960,57
9961,57
9962,57
9963,57
9964,57
9965,57
9966,57
9967,57
9968,57
9969,57
9970,57
9971,57
9972,57
9973,57
9974,57
9975,57
9976,57
9977,57
9978,57
9979,57
9980,57
9981,57
9982,57
9983,57
9984,57
9985,57
9986,57
9987,57
9988,57
9989,57
9990,57
9991,57
9992,57
9993,57
9994,57
9995,57
9996,57
9997,57
9998,57
9999,57
10000,57
10001,57
10002,57
10003,57
10004,57
10005,57
10006,57
10007,57
10008,57
10009,57
10010,57
10011,57
10012,57
10013,57
10014,57
10015,57
10016,57
10017,57
10018,57
10019,57
10020,57
10021,57
10022,57
10023,57
10024,57
10025,57
10026,57
10027,57
10028,57
10029,57
10030,57
10031,57
10032,57
10033,57
10034,57
10035,57
10036,57
10037,57
10038,57
10039,57
10040,57
10041,57
10042,57
10043,57
10044,57
10045,57
10046,57
10047,57
10048,57
10049,57
10050,57
10051,57
10052,57
10053,57
10054,57
10055,57
10056,57
10057,57
10058,57
10059,57
10060,57
10061,57
10062,57
10063,57
10064,57
10065,57
10066,57
10067,57
10068,57
10069,57
10070,57
10071,57
10072,57
10073,57
10074,57
10075,57
10076,57
10077,57
10078,57
10079,57
10080,57
10081,57
10082,57
10083,57
10084,57
10085,57
10086,57
10087,57
10088,57
10089,57
10090,57
10091,57
10092,57
10093,57
10094,57
10095,57
10096,57
10097,57
10098,57
10099,57
10100,57
10101,57
10102,57
10103,57
10104,57
10105,57
10106,57
10107,57
10108,57
10109,57
10110,57
10111,57
10112,57
10113,57
10114,57
10115,57
10116,57
10117,57
10118,57
10119,57
10120,57
10121,57
10122,57
10123,57
10124,57
10125,57
10126,57
10127,57
10128,57
10129,57
10130,57
10131,57
10132,57
10133,57
10134,57
10135,57
10136,57
10137,57
10138,57
10139,57
10140,57
10141,57
10142,57
10143,57
10144,57
10145,57
10146,57
10147,57
10148,57
10149,57
10150,57
10151,57
10152,57
10153,57
10154,57
10155,57
10156,57
10157,57
10158,57
10159,57
10160,57
10161,57
10162,57
10163,57
10164,57
10165,57
10166,57
10167,57
10168,57
10169,57
10170,57
10171,57
10172,57
10173,57
10174,57
10175,57
10176,57
10177,57
10178,57
10179,57
10180,57
10181,57
10182,57
10183,57
10184,57
10185,57
10186,57
10187,57
10188,57
10189,57
10190,57
10191,57
10192,57
10193,57
10194,57
10195,57
10196,57
10197,57
10198,57
10199,57
10200,57
10201,57
10202,57
10203,57
10204,57
10205,57
10206,57
10207,57
10208,57
10209,57
10210,57
10211,57
10212,57
10213,57
10214,57
10215,57
10216,57
10217,57
10218,57
10219,57
10220,57
10221,57
10222,57
10223,57
10224,57
10225,57
10226,57
10227,57
10228,57
10229,57
10230,57
10231,57
10232,57
10233,57
10234,57
10235,57
10236,57
10237,57
10238,57
10239,57
10240,57
10241,57
10242,57
10243,57
10244,57
10245,57
10246,57
10247,57
10248,57
10249,57
10250,57
10251,57
10252,57
10253,57
10254,57
10255,57
10256,57
10257,57
10258,57
10259,57
10260,57
10261,57
10262,57
10263,57
10264,57
10265,57
10266,57
10267,57
10268,57
10269,57
10270,57
10271,57
10272,57
10273,57
10274,57
10275,57
10276,57
10277,57
10278,57
10279,57
10280,57
10281,57
10282,57
10283,57
10284,57
10285,57
10286,57
10287,57
10288,57
10289,57
10290,57
10291,57
10292,57
10293,57
10294,57
10295,57
10296,57
10297,57
10298,57
10299,57
10300,57
10301,57
10302,57
10303,57
10304,57
10305,57
10306,57
10307,57
10308,57
10309,57
10310,57
10311,57
10312,57
10313,57
10314,57
10315,57
10316,57
10317,57
10318,57
10319,57
10320,57
10321,57
10322,57
10323,57
10324,57
10325,57
10326,57
10327,57
10328,57
10329,57
10330,57
10331,57
10332,57
10333,57
10334,57
10335,57
10336,57
10337,57
10338,57
10339,57
10340,57
10341,57
10342,57
10343,57
10344,57
10345,57
10346,57
10347,57
10348,57
10349,57
10350,57
10351,57
10352,57
10353,57
10354,57
10355,57
10356,57
10357,57
10358,57
10359,57
10360,57
10361,57
10362,57
10363,57
10364,57
10365,57
10366,57
10367,57
10368,57
10369,57
10370,57
10371,57
10372,57
10373,57
10374,57
10375,57
10376,57
10377,57
10378,57
10379,57
10380,57
10381,57
10382,57
10383,57
10384,57
10385,57
10386,57
10387,57
10388,57
10389,57
10390,57
10391,57
10392,57
10393,57
10394,57
10395,57
10396,57
10397,57
10398,57
10399,57
10400,57
10401,57
10402,57
10403,57
10404,57
10405,57
10406,57
10407,57
10408,57
10409,57
10410,57
10411,57
10412,57
10413,57
10414,57
10415,57
10416,57
10417,57
10418,57
10419,57
10420,57
10421,57
10422,57
10423,57
10424,57
10425,57
10426,57
10427,57
10428,57
10429,57
10430,57
10431,57
10432,57
10433,57
10434,57
10435,57
10436,57
10437,57
10438,57
10439,57
10440,57
10441,57
10442,57
10443,57
10444,57
10445,57
10446,57
10447,57
10448,57
10449,57
10450,57
10451,57
10452,57
10453,57
10454,57
10455,57
10456,57
10457,57
10458,57
10459,57
10460,57
10461,57
10462,57
10463,57
10464,57
10465,57
10466,57
10467,57
10468,57
10469,57
10470,57
10471,57
10472,57
10473,57
10474,57
10475,57
10476,57
10477,57
10478,57
10479,57
10480,57
10481,57
10482,57
10483,57
10484,57
10485,57
10486,57
10487,57
10488,57
10489,57
10490,57
10491,57
10492,57
10493,57
10494,57
10495,57
10496,57
10497,57
10498,57
10499,57
10500,57
10501,57
10502,57
10503,57
10504,57
10505,57
10506,57
10507,57
10508,57
10509,57
10510,57
10511,57
10512,57
10513,57
10514,57
10515,57
10516,57
10517,57
10518,57
10519,57
10520,57
10521,57
10522,57
10523,57
10524,57
10525,57
10526,57
10527,57
10528,57
10529,57
10530,57
10531,57
10532,57
10533,57
10534,57
10535,57
10536,57
10537,57
10538,57
10539,57
10540,57
10541,57
10542,57
10543,57
10544,57
10545,57
10546,57
10547,57
10548,57
10549,57
10550,57
10551,57
10552,57
10553,57
10554,57
10555,57
10556,57
10557,57
10558,57
10559,57
10560,57
10561,57
10562,57
10563,57
10564,57
10565,57
10566,57
10567,57
10568,57
10569,57
10570,57
10571,57
10572,57
10573,57
10574,57
10575,57
10576,57
10577,57
10578,57
10579,57
10580,57
10581,57
10582,57
10583,57
10584,57
10585,57
10586,57
10587,57
10588,57
10589,57
10590,57
10591,57
10592,57
10593,57
10594,57
10595,57
10596,57
10597,57
10598,57
10599,57
10600,57
10601,57
10602,57
10603,57
10604,57
10605,57
10606,57
10607,57
10608,57
10609,57
10610,57
10611,57
10612,57
10613,57
10614,57
10615,57
10616,57
10617,57
10618,57
10619,57
10620,57
10621,57
10622,57
10623,57
10624,57
10625,57
10626,57
10627,57
10628,57
10629,57
10630,57
10631,57
10632,57
10633,57
10634,57
10635,57
10636,57
10637,57
10638,57
10639,57
10640,57
10641,57
10642,57
10643,57
10644,57
10645,57
10646,57
10647,57
10648,57
10649,57
10650,57
10651,57
10652,57
10653,57
10654,57
10655,57
10656,57
10657,57
10658,57
10659,57
10660,57
10661,57
10662,57
10663,57
10664,57
10665,57
10666,57
10667,57
10668,57
10669,57
10670,57
10671,57
10672,57
10673,57
10674,57
10675,57
10676,57
10677,57
10678,57
10679,57
10680,57
10681,57
10682,57
10683,57
10684,57
10685,57
10686,57
10687,57
10688,57
10689,57
10690,57
10691,57
10692,57
10693,57
10694,57
10695,57
10696,57
10697,57
10698,57
10699,57
10700,57
10701,57
10702,57
10703,57
10704,57
10705,57
10706,57
10707,57
10708,57
10709,57
10710,57
10711,57
10712,57
10713,57
10714,57
10715,57
10716,57
10717,57
10718,57
10719,57
10720,57
10721,57
10722,57
10723,57
10724,57
10725,57
10726,57
10727,57
10728,57
10729,57
10730,57
10731,57
10732,57
10733,57
10734,57
10735,57
10736,57
10737,57
10738,57
10739,57
10740,57
10741,57
10742,57
10743,57
10744,57
10745,57
10746,57
10747,57
10748,57
10749,57
10750,57
10751,57
10752,57
10753,57
10754,57
10755,57
10756,57
10757,57
10758,57
10759,57
10760,57
10761,57
10762,57
10763,57
10764,57
10765,57
10766,57
10767,57
10768,57
10769,57
10770,57
10771,57
10772,57
10773,57
10774,57
10775,57
10776,57
10777,57
10778,57
10779,57
10780,57
10781,57
10782,57
10783,57
10784,57
10785,57
10786,57
10787,57
10788,57
10789,57
10790,57
10791,57
10792,57
10793,57
10794,57
10795,57
10796,57
10797,57
10798,57
10799,57
10800,57
10801,57
10802,57
10803,57
10804,57
10805,57
10806,57
10807,57
10808,57
10809,57
10810,57
10811,57
10812,57
10813,57
10814,57
10815,57
10816,57
10817,57
10818,57
10819,57
10820,57
10821,57
10822,57
10823,57
10824,57
10825,57
10826,57
10827,57
10828,57
10829,57
10830,57
10831,57
10832,57
10833,57
10834,57
10835,57
10836,57
10837,57
10838,57
10839,57
10840,57
10841,57
10842,57
10843,57
10844,57
10845,57
10846,57
10847,57
10848,57
10849,57
10850,57
10851,57
10852,57
10853,57
10854,57
10855,57
10856,57
10857,57
10858,57
10859,57
10860,57
10861,57
10862,57
10863,57
10864,57
10865,57
10866,57
10867,57
10868,57
10869,57
10870,57
10871,57
10872,57
10873,57
10874,57
10875,57
10876,57
10877,57
10878,57
10879,57
10880,57
10881,57
10882,57
10883,57
10884,57
10885,57
10886,57
10887,57
10888,57
10889,57
10890,57
10891,57
10892,57
10893,57
10894,57
10895,57
10896,57
10897,57
10898,57
10899,57
10900,57
10901,57
10902,57
10903,57
10904,57
10905,57
10906,57
10907,57
10908,57
10909,57
10910,57
10911,57
10912,57
10913,57
10914,57
10915,57
10916,57
10917,57
10918,57
10919,57
10920,57
10921,57
10922,57
10923,57
10924,57
10925,57
10926,57
10927,57
10928,57
10929,57
10930,57
10931,57
10932,57
10933,57
10934,57
10935,57
10936,57
10937,57
10938,57
10939,57
10940,57
10941,57
10942,57
10943,57
10944,57
10945,57
10946,57
10947,57
10948,57
10949,57
10950,57
10951,57
10952,57
10953,57
10954,57
10955,57
10956,57
10957,57
10958,57
10959,57
10960,57
10961,57
10962,57
10963,57
10964,57
10965,57
10966,57
10967,57
10968,57
10969,57
10970,57
10971,57
10972,57
10973,57
10974,57
10975,57
10976,57
10977,57
10978,57
10979,57
10980,57
10981,57
10982,57
10983,57
10984,57
10985,57
10986,57
10987,57
10988,57
10989,57
10990,57
10991,57
10992,57
10993,57
10994,57
10995,57
10996,57
10997,57
10998,57
10999,57
